11
2017
Jerk Werts (REVIVAL) 	1-0 (6) 	44 	54 	22 	34 	22 	.796 	29 	9 	12 	5 	0
CapaCostaCo 	10-7 (67) 	127 	85 	62 	0 	16 	.722 	73 	16 	21 	6 	0
Septal Perforation 	10-3 (63) 	104 	89 	41 	45 	30 	.777 	66 	23 	18 	22 	0
Gold Logie Winner 	5-7 (37) 	112 	85 	51 	48 	28 	.731 	82 	20 	21 	22 	0
Libba's Pingas 	7-9 (51) 	119 	89 	51 	45 	40 	.726 	66 	11 	28 	8 	0
The Faceless Men 	2-6 (18) 	88 	76 	35 	0 	33 	.780 	60 	14 	17 	13 	0
Bayside City Council 	7-6 (48) 	108 	95 	46 	29 	28 	.754 	61 	16 	12 	12 	0
PASSWORD IS BAYSIDE 	6-8 (44) 	106 	96 	52 	3 	39 	.787 	81 	14 	36 	10 	0
woolworths_slayer92 	4-4 (28) 	104 	112 	51 	0 	40 	.769 	84 	21 	31 	28 	0
flamingos 	4-4 (28) 	78 	47 	31 	9 	19 	.776 	47 	9 	10 	17 	0
El Maestro de Chaque 	8-6 (54) 	121 	87 	49 	26 	43 	.769 	73 	10 	31 	7 	0
Shrooms are great 	7-4 (46) 	91 	91 	45 	0 	49 	.747 	80 	19 	28 	10 	0
Yeah LeBois 	5-3 (33) 	121 	84 	47 	34 	21 	.771 	65 	23 	16 	16 	0
Top Up FC 	4-1 (25) 	102 	80 	42 	37 	42 	.720 	71 	26 	18 	20 	0
Krooooooz 	10-10 (70) 	123 	79 	56 	0 	39 	.718 	87 	16 	13 	10 	0
Tsunami Umami 	1-3 (9) 	104 	73 	50 	19 	20 	.763 	64 	15 	26 	9 	0
Mid Week Rub!!!! 	6-5 (41) 	126 	103 	56 	39 	36 	.747 	92 	20 	29 	15 	0
5M0K3 DZA 420 w33d 	9-7 (61) 	135 	87 	68 	0 	36 	.712 	64 	16 	11 	13 	0