6
2017
Jerk Werts (REVIVAL) 	16-8 (104) 	142 	96 	55 	17 	21 	.744 	76 	23 	18 	15 	19
Gold Logie Winner 	5-1 (31) 	138 	107 	55 	24 	42 	.714 	94 	22 	37 	11 	16
Septal Perforation 	10-10 (70) 	124 	87 	56 	35 	35 	.697 	82 	11 	20 	12 	18
Top Up FC 	8-11 (59) 	103 	91 	61 	61 	48 	.701 	81 	15 	20 	10 	20
CapaCostaCo 	7-10 (52) 	106 	104 	49 	42 	24 	.671 	80 	23 	28 	13 	24
5M0K3 DZA 420 w33d 	7-2 (44) 	135 	95 	55 	33 	34 	.696 	60 	21 	26 	10 	15
Krooooooz 	7-8 (50) 	116 	94 	46 	22 	27 	.743 	78 	13 	22 	10 	22
Shrooms are great 	9-4 (58) 	108 	81 	43 	0 	29 	.757 	72 	14 	21 	14 	17
Bayside City Council 	5-4 (34) 	130 	117 	62 	26 	41 	.765 	76 	13 	25 	8 	17
Tsunami Umami 	8-3 (51) 	141 	87 	49 	7 	34 	.768 	77 	28 	25 	11 	21
Mid Week Rub!!!! 	4-4 (28) 	133 	98 	55 	33 	31 	.723 	93 	28 	32 	9 	24
flamingos 	9-2 (56) 	111 	83 	47 	17 	35 	.784 	86 	16 	24 	17 	15
Libba's Pingas 	13-8 (86) 	138 	108 	69 	50 	34 	.752 	67 	17 	23 	10 	24
Yeah LeBois 	8-1 (49) 	122 	136 	53 	27 	43 	.783 	85 	23 	12 	9 	15
El Maestro de Chaque 	3-4 (22) 	161 	110 	55 	38 	40 	.738 	115 	25 	41 	16 	27
The Faceless Men 	4-3 (27) 	117 	76 	44 	52 	34 	.746 	68 	17 	39 	15 	12
woolworths_slayer92 	3-3 (21) 	96 	78 	32 	0 	29 	.776 	57 	8 	19 	10 	1
PASSWORD IS BAYSIDE 	6-6 (42) 	132 	128 	56 	34 	51 	.735 	96 	19 	26 	15 	38