20
2017
Jerk Werts (REVIVAL) 	8-5 (53) 	125 	113 	56 	37 	40 	.714 	76 	19 	29 	10 	25
El Maestro de Chaque 	8-3 (51) 	133 	88 	56 	26 	35 	.674 	75 	26 	23 	10 	8
Libba's Pingas 	10-7 (67) 	133 	102 	48 	42 	41 	.685 	99 	24 	32 	9 	31
CapaCostaCo 	4-11 (35) 	130 	100 	50 	18 	38 	.687 	91 	12 	32 	12 	7
Krooooooz 	14-3 (87) 	136 	84 	58 	44 	33 	.727 	87 	17 	27 	14 	13
PASSWORD IS BAYSIDE 	10-9 (69) 	149 	111 	50 	52 	54 	.712 	113 	31 	45 	15 	26
Gold Logie Winner 	8-9 (57) 	128 	95 	42 	32 	60 	.682 	96 	23 	38 	16 	23
5M0K3 DZA 420 w33d 	7-5 (47) 	110 	102 	56 	45 	42 	.708 	71 	21 	22 	16 	14
Mid Week Rub!!!! 	4-2 (26) 	134 	114 	60 	37 	33 	.694 	79 	23 	27 	8 	30
Yeah LeBois 	2-1 (13) 	96 	112 	37 	30 	39 	.764 	86 	18 	22 	16 	9
Septal Perforation 	12-12 (84) 	140 	82 	54 	15 	39 	.739 	70 	25 	21 	15 	21
Shrooms are great 	7-8 (50) 	119 	112 	62 	16 	37 	.732 	99 	14 	25 	17 	18
woolworths_slayer92 	7-5 (47) 	125 	85 	35 	23 	35 	.700 	76 	22 	37 	17 	23
flamingos 	12-7 (79) 	104 	72 	48 	7 	37 	.699 	65 	9 	17 	6 	16
Bayside City Council 	7-5 (47) 	143 	114 	40 	40 	37 	.716 	89 	31 	19 	14 	26
Tsunami Umami 	8-6 (54) 	113 	91 	57 	3 	28 	.735 	71 	24 	16 	11 	13