3
2017
Jerk Werts (REVIVAL) 	8-8 (56) 	142 	121 	53 	36 	46 	.741 	87 	17 	31 	3 	18
El Maestro de Chaque 	12-5 (77) 	167 	70 	47 	21 	43 	.650 	102 	27 	37 	21 	21
Septal Perforation 	7-4 (46) 	110 	91 	42 	13 	26 	.746 	84 	30 	21 	22 	5
Shrooms are great 	7-9 (51) 	129 	100 	56 	26 	44 	.681 	99 	16 	31 	9 	34
Bayside City Council 	5-4 (34) 	111 	91 	31 	48 	54 	.639 	72 	20 	26 	11 	7
CapaCostaCo 	10-9 (69) 	122 	116 	42 	14 	34 	.752 	94 	20 	29 	24 	30
flamingos 	6-5 (41) 	111 	93 	40 	46 	48 	.652 	94 	29 	24 	18 	29
Top Up FC 	7-9 (51) 	94 	90 	38 	39 	30 	.690 	87 	12 	24 	11 	9
Libba's Pingas 	10-9 (69) 	129 	111 	52 	42 	54 	.704 	86 	22 	29 	8 	30
5M0K3 DZA 420 w33d 	7-4 (46) 	110 	103 	47 	46 	38 	.746 	91 	16 	29 	19 	8
Gold Logie Winner 	4-3 (27) 	142 	111 	46 	28 	38 	.656 	99 	31 	39 	18 	26
Krooooooz 	10-13 (73) 	122 	92 	51 	7 	34 	.715 	79 	19 	24 	10 	13
The Faceless Men 	7-6 (48) 	129 	91 	39 	42 	46 	.682 	85 	18 	31 	14 	24
Tsunami Umami 	3-4 (22) 	125 	107 	32 	0 	49 	.694 	94 	24 	22 	13 	15
Mid Week Rub!!!! 	2-3 (15) 	115 	94 	28 	43 	55 	.603 	86 	23 	36 	15 	12
woolworths_slayer92 	4-9 (33) 	136 	134 	54 	31 	38 	.693 	90 	17 	26 	12 	27
PASSWORD IS BAYSIDE 	9-3 (57) 	146 	109 	50 	30 	64 	.682 	109 	27 	40 	15 	28
Yeah LeBois 	9-8 (62) 	126 	100 	41 	28 	39 	.699 	86 	24 	19 	15 	9