12
2017
Jerk Werts (REVIVAL) 	8-2 (50) 	119 	85 	49 	46 	45 	.711 	67 	21 	20 	7 	0
CapaCostaCo 	11-7 (73) 	115 	120 	61 	64 	42 	.740 	99 	16 	41 	15 	0
Septal Perforation 	5-10 (40) 	100 	82 	48 	9 	43 	.637 	77 	9 	13 	11 	0
Gold Logie Winner 	5-5 (35) 	122 	92 	47 	0 	27 	.748 	73 	24 	18 	22 	0
Libba's Pingas 	9-4 (58) 	121 	117 	46 	37 	22 	.693 	86 	24 	27 	8 	0
The Faceless Men 	4-5 (29) 	89 	82 	40 	1 	28 	.778 	52 	22 	13 	7 	0
Bayside City Council 	6-5 (41) 	117 	101 	41 	37 	30 	.748 	87 	27 	22 	15 	0
PASSWORD IS BAYSIDE 	6-11 (47) 	126 	110 	46 	36 	57 	.729 	90 	15 	30 	12 	0
woolworths_slayer92 	9-6 (60) 	112 	73 	47 	5 	38 	.746 	66 	16 	19 	24 	0
flamingos 	9-3 (57) 	119 	91 	43 	12 	27 	.733 	64 	18 	20 	13 	0
El Maestro de Chaque 	3-6 (24) 	137 	95 	52 	0 	31 	.690 	71 	29 	22 	11 	0
Shrooms are great 	6-4 (40) 	93 	93 	40 	0 	28 	.742 	66 	25 	16 	5 	0
Yeah LeBois 	10-5 (65) 	105 	110 	40 	32 	47 	.763 	67 	24 	19 	11 	0
Top Up FC 	7-1 (43) 	98 	97 	38 	30 	38 	.744 	66 	14 	23 	16 	0
Krooooooz 	3-4 (22) 	124 	88 	63 	39 	30 	.717 	70 	10 	14 	12 	0
Tsunami Umami 	4-4 (28) 	105 	110 	48 	9 	35 	.763 	95 	21 	30 	11 	0
Mid Week Rub!!!! 	5-1 (31) 	120 	115 	42 	65 	43 	.715 	87 	24 	31 	16 	0
5M0K3 DZA 420 w33d 	5-13 (43) 	95 	90 	39 	28 	42 	.670 	74 	14 	22 	8 	0