19
2017
Jerk Werts (REVIVAL) 	9-6 (60) 	137 	86 	66 	35 	29 	.753 	64 	30 	29 	6 	24
Yeah LeBois 	6-4 (40) 	121 	122 	51 	23 	39 	.741 	101 	18 	33 	8 	15
Septal Perforation 	10-6 (66) 	124 	79 	65 	30 	22 	.768 	63 	19 	17 	13 	15
Bayside City Council 	2-6 (18) 	152 	119 	44 	45 	39 	.679 	111 	27 	35 	5 	24
flamingos 	7-5 (47) 	118 	95 	43 	2 	41 	.690 	81 	11 	21 	8 	19
Shrooms are great 	4-4 (28) 	97 	111 	42 	18 	41 	.745 	92 	19 	20 	19 	16
Libba's Pingas 	10-4 (64) 	141 	103 	48 	39 	34 	.750 	96 	13 	33 	5 	28
CapaCostaCo 	5-6 (36) 	103 	88 	55 	47 	21 	.738 	63 	22 	12 	39 	11
Gold Logie Winner 	6-2 (38) 	119 	128 	51 	37 	46 	.749 	107 	19 	49 	13 	25
Top Up FC 	12-11 (83) 	104 	78 	40 	40 	23 	.780 	68 	19 	11 	10 	12
The Faceless Men 	4-3 (27) 	72 	74 	31 	0 	34 	.705 	56 	10 	16 	13 	7
5M0K3 DZA 420 w33d 	11-6 (72) 	114 	70 	38 	54 	45 	.696 	65 	14 	26 	14 	32
Krooooooz 	8-8 (56) 	132 	85 	41 	26 	35 	.659 	91 	15 	28 	9 	10
woolworths_slayer92 	11-6 (72) 	139 	86 	59 	22 	33 	.747 	80 	24 	23 	17 	29
PASSWORD IS BAYSIDE 	4-7 (31) 	121 	108 	35 	52 	45 	.690 	89 	19 	37 	10 	11
Tsunami Umami 	8-5 (53) 	159 	125 	59 	6 	33 	.718 	99 	16 	38 	7 	28
El Maestro de Chaque 	14-8 (92) 	150 	83 	58 	13 	39 	.712 	74 	26 	22 	15 	26
Mid Week Rub!!!! 	1-2 (8) 	99 	115 	44 	53 	36 	.743 	100 	19 	43 	14 	13