17
2017
Jerk Werts (REVIVAL) 	7-4 (46) 	133 	109 	46 	42 	37 	.731 	76 	19 	20 	13 	14
Tsunami Umami 	8-5 (53) 	140 	86 	59 	10 	42 	.743 	69 	30 	13 	10 	25
Septal Perforation 	8-5 (53) 	110 	105 	36 	30 	30 	.698 	81 	9 	23 	6 	22
flamingos 	10-6 (66) 	98 	75 	53 	21 	28 	.746 	52 	11 	13 	8 	17
Libba's Pingas 	10-7 (67) 	149 	117 	48 	42 	47 	.703 	99 	20 	29 	8 	34
Bayside City Council 	3-10 (28) 	123 	114 	47 	37 	32 	.696 	89 	21 	30 	8 	3
Gold Logie Winner 	11-10 (76) 	119 	108 	53 	22 	27 	.762 	84 	15 	21 	16 	18
Shrooms are great 	5-9 (39) 	123 	116 	46 	21 	38 	.678 	105 	19 	29 	14 	21
CapaCostaCo 	12-10 (82) 	115 	82 	55 	44 	34 	.736 	76 	19 	27 	13 	15
The Faceless Men 	5-3 (33) 	137 	125 	66 	0 	38 	.737 	97 	18 	35 	9 	24
woolworths_slayer92 	9-9 (63) 	127 	98 	43 	18 	44 	.711 	95 	19 	37 	22 	25
Top Up FC 	11-8 (74) 	94 	80 	34 	42 	40 	.747 	72 	24 	18 	15 	14
PASSWORD IS BAYSIDE 	8-7 (55) 	147 	113 	46 	31 	33 	.662 	89 	20 	33 	9 	38
5M0K3 DZA 420 w33d 	4-4 (28) 	92 	88 	33 	29 	29 	.717 	72 	16 	27 	6 	1
El Maestro de Chaque 	6-9 (45) 	164 	105 	55 	14 	34 	.680 	102 	17 	46 	17 	19
Krooooooz 	7-3 (45) 	115 	73 	55 	50 	31 	.734 	62 	19 	14 	22 	8
Mid Week Rub!!!! 	6-6 (42) 	131 	109 	45 	10 	46 	.721 	112 	12 	35 	8 	25
Yeah LeBois 	4-1 (25) 	89 	138 	42 	30 	42 	.780 	71 	22 	28 	14 	14