4
2017
Jerk Werts (REVIVAL) 	11-7 (73) 	134 	98 	54 	24 	38 	.776 	73 	19 	21 	8 	35
woolworths_slayer92 	7-3 (45) 	111 	82 	44 	2 	29 	.782 	64 	13 	22 	8 	2
Shrooms are great 	8-8 (56) 	112 	114 	55 	17 	47 	.752 	82 	20 	21 	10 	29
Top Up FC 	5-4 (34) 	107 	95 	50 	53 	43 	.738 	82 	23 	26 	13 	8
Septal Perforation 	8-4 (52) 	113 	100 	60 	32 	31 	.789 	80 	18 	26 	18 	26
CapaCostaCo 	7-5 (47) 	126 	89 	52 	24 	44 	.702 	79 	24 	26 	13 	12
Bayside City Council 	4-9 (33) 	125 	101 	48 	39 	41 	.735 	79 	21 	28 	12 	4
5M0K3 DZA 420 w33d 	11-6 (72) 	134 	106 	51 	52 	40 	.754 	91 	26 	30 	19 	35
Krooooooz 	12-6 (78) 	132 	81 	66 	19 	32 	.751 	85 	21 	23 	19 	25
flamingos 	4-6 (30) 	119 	103 	47 	45 	37 	.716 	83 	15 	24 	14 	14
Libba's Pingas 	7-6 (48) 	114 	125 	44 	33 	32 	.695 	92 	18 	27 	15 	26
Tsunami Umami 	7-7 (49) 	113 	85 	41 	27 	37 	.773 	68 	14 	26 	10 	13
Gold Logie Winner 	12-6 (78) 	111 	116 	44 	42 	31 	.722 	88 	18 	24 	16 	13
Mid Week Rub!!!! 	7-4 (46) 	140 	127 	57 	37 	41 	.727 	103 	30 	36 	13 	26
The Faceless Men 	4-3 (27) 	108 	98 	46 	55 	43 	.738 	77 	12 	30 	8 	7
Yeah LeBois 	6-2 (38) 	114 	147 	54 	25 	40 	.759 	105 	28 	36 	14 	32
El Maestro de Chaque 	10-10 (70) 	145 	77 	56 	17 	31 	.734 	79 	22 	21 	22 	23
PASSWORD IS BAYSIDE 	6-11 (47) 	115 	101 	45 	23 	50 	.685 	85 	15 	28 	8 	16