9
2017
Jerk Werts (REVIVAL) 	11-4 (70) 	98 	101 	35 	1 	47 	.794 	72 	16 	26 	17 	24
Bayside City Council 	4-3 (27) 	108 	91 	40 	9 	42 	.729 	77 	13 	25 	11 	15
Septal Perforation 	7-11 (53) 	121 	105 	49 	65 	40 	.704 	88 	16 	17 	25 	31
The Faceless Men 	4-3 (27) 	123 	89 	41 	42 	28 	.712 	69 	12 	31 	11 	8
Gold Logie Winner 	6-5 (41) 	144 	120 	49 	49 	38 	.712 	98 	24 	31 	16 	28
woolworths_slayer92 	11-5 (71) 	118 	105 	39 	0 	32 	.668 	101 	21 	33 	7 	11
Libba's Pingas 	9-5 (59) 	147 	102 	53 	35 	38 	.691 	79 	24 	18 	11 	21
PASSWORD IS BAYSIDE 	4-4 (28) 	139 	110 	52 	26 	46 	.755 	80 	31 	22 	14 	18
El Maestro de Chaque 	6-6 (42) 	143 	94 	62 	19 	36 	.696 	85 	17 	17 	15 	24
flamingos 	10-6 (66) 	102 	75 	48 	39 	28 	.729 	66 	10 	17 	21 	14
Yeah LeBois 	3-1 (19) 	112 	123 	47 	42 	47 	.779 	65 	21 	15 	12 	16
Shrooms are great 	8-6 (54) 	125 	117 	52 	8 	37 	.731 	110 	21 	24 	5 	21
CapaCostaCo 	12-8 (80) 	123 	115 	52 	25 	45 	.735 	91 	20 	27 	11 	19
Mid Week Rub!!!! 	6-0 (36) 	124 	108 	43 	62 	50 	.728 	102 	23 	37 	11 	18
Top Up FC 	12-8 (80) 	99 	95 	44 	45 	49 	.716 	83 	13 	19 	20 	18
Tsunami Umami 	2-10 (22) 	126 	106 	44 	0 	38 	.711 	88 	22 	34 	15 	17
Krooooooz 	10-7 (67) 	103 	69 	36 	38 	27 	.674 	85 	18 	27 	17 	13
5M0K3 DZA 420 w33d 	4-7 (31) 	110 	84 	58 	38 	35 	.644 	84 	16 	30 	18 	23