18
2017
Jerk Werts (REVIVAL) 	10-4 (64) 	110 	88 	49 	39 	33 	.788 	74 	15 	12 	11 	13
Mid Week Rub!!!! 	7-0 (42) 	136 	102 	41 	42 	46 	.714 	95 	20 	38 	15 	26
Septal Perforation 	10-4 (64) 	117 	94 	60 	13 	40 	.758 	100 	22 	20 	9 	27
Yeah LeBois 	6-7 (43) 	116 	104 	38 	29 	31 	.686 	83 	10 	29 	12 	12
El Maestro de Chaque 	5-11 (41) 	143 	90 	38 	18 	40 	.635 	109 	19 	36 	19 	26
Tsunami Umami 	5-4 (34) 	156 	80 	58 	2 	34 	.720 	64 	25 	20 	11 	13
Krooooooz 	5-2 (32) 	112 	64 	60 	26 	23 	.682 	64 	14 	18 	17 	6
PASSWORD IS BAYSIDE 	11-6 (72) 	134 	112 	52 	33 	50 	.724 	101 	23 	21 	7 	33
woolworths_slayer92 	7-5 (47) 	110 	98 	47 	26 	36 	.764 	84 	14 	25 	16 	30
5M0K3 DZA 420 w33d 	4-3 (27) 	108 	101 	43 	25 	34 	.689 	70 	14 	30 	13 	7
The Faceless Men 	11-7 (73) 	81 	70 	49 	4 	27 	.715 	55 	8 	14 	8 	5
Top Up FC 	12-6 (78) 	132 	91 	44 	42 	43 	.713 	89 	27 	31 	21 	34
Gold Logie Winner 	5-5 (35) 	92 	96 	34 	16 	38 	.691 	96 	23 	25 	16 	14
CapaCostaCo 	19-9 (123) 	171 	91 	71 	5 	24 	.737 	99 	28 	20 	21 	25
Libba's Pingas 	2-5 (17) 	141 	86 	57 	32 	35 	.714 	92 	20 	32 	10 	15
Shrooms are great 	8-1 (49) 	117 	104 	40 	33 	43 	.724 	92 	17 	21 	5 	22
Bayside City Council 	4-5 (29) 	145 	102 	48 	48 	33 	.680 	87 	24 	35 	16 	30
flamingos 	12-4 (76) 	113 	82 	40 	13 	25 	.744 	71 	12 	18 	9 	9