13
2017
Jerk Werts (REVIVAL) 	7-4 (46) 	139 	113 	55 	58 	51 	.734 	99 	21 	34 	16 	8
CapaCostaCo 	10-7 (67) 	105 	92 	33 	56 	30 	.589 	87 	19 	25 	7 	27
Septal Perforation 	5-4 (34) 	89 	100 	35 	38 	25 	.709 	83 	16 	28 	24 	21
Gold Logie Winner 	9-7 (61) 	94 	91 	33 	33 	40 	.659 	82 	11 	24 	21 	18
Libba's Pingas 	4-3 (27) 	97 	76 	47 	8 	21 	.694 	63 	15 	13 	8 	36
The Faceless Men 	2-2 (14) 	50 	58 	15 	0 	20 	.685 	45 	10 	14 	5 	3
Bayside City Council 	10-15 (75) 	128 	77 	58 	43 	41 	.702 	87 	18 	20 	11 	15
PASSWORD IS BAYSIDE 	8-6 (54) 	133 	97 	58 	32 	36 	.713 	85 	25 	23 	15 	24
woolworths_slayer92 	4-3 (27) 	107 	78 	38 	48 	38 	.714 	79 	31 	25 	16 	30
flamingos 	5-4 (34) 	71 	57 	29 	11 	20 	.750 	46 	6 	10 	11 	9
El Maestro de Chaque 	5-3 (33) 	88 	59 	25 	21 	49 	.714 	58 	10 	21 	17 	36
Shrooms are great 	2-1 (13) 	55 	39 	21 	0 	22 	.660 	34 	13 	6 	1 	3
Yeah LeBois 	6-6 (42) 	81 	104 	27 	2 	48 	.686 	84 	10 	21 	10 	37
Top Up FC 	6-2 (38) 	53 	60 	30 	0 	21 	.735 	47 	10 	6 	9 	2
Krooooooz 	6-4 (40) 	117 	94 	51 	36 	38 	.664 	90 	13 	14 	14 	29
Tsunami Umami 	2-6 (18) 	101 	94 	32 	13 	37 	.682 	68 	15 	21 	8 	10
Mid Week Rub!!!! 	5-5 (35) 	93 	97 	43 	15 	45 	.674 	81 	7 	18 	24 	21
5M0K3 DZA 420 w33d 	7-4 (46) 	110 	79 	50 	26 	30 	.693 	69 	16 	27 	19 	18