2
2017
Jerk Werts (REVIVAL) 	19-4 (118) 	146 	81 	52 	45 	31 	.762 	86 	26 	23 	10 	21
PASSWORD IS BAYSIDE 	11-5 (71) 	126 	122 	58 	21 	35 	.738 	92 	17 	19 	10 	16
Septal Perforation 	12-4 (76) 	97 	88 	45 	2 	30 	.789 	62 	14 	17 	23 	13
El Maestro de Chaque 	15-7 (97) 	151 	81 	55 	18 	24 	.750 	101 	25 	27 	5 	26
woolworths_slayer92 	6-10 (46) 	134 	101 	57 	25 	29 	.651 	82 	27 	29 	9 	23
Yeah LeBois 	4-3 (27) 	131 	103 	59 	27 	22 	.735 	82 	15 	22 	4 	14
Mid Week Rub!!!! 	2-4 (16) 	116 	92 	36 	45 	30 	.673 	84 	18 	29 	16 	18
The Faceless Men 	4-5 (29) 	115 	79 	44 	38 	34 	.742 	56 	21 	18 	18 	21
Libba's Pingas 	3-11 (29) 	112 	117 	43 	43 	29 	.672 	104 	18 	32 	6 	9
Krooooooz 	14-9 (93) 	122 	71 	60 	44 	34 	.772 	76 	20 	19 	12 	30
flamingos 	13-9 (87) 	142 	81 	55 	13 	28 	.740 	81 	17 	22 	18 	19
5M0K3 DZA 420 w33d 	8-4 (52) 	124 	95 	50 	43 	43 	.712 	82 	20 	36 	20 	20
Bayside City Council 	4-3 (27) 	112 	109 	44 	23 	43 	.724 	86 	14 	24 	11 	13
Top Up FC 	12-5 (77) 	114 	74 	50 	14 	39 	.739 	87 	18 	27 	11 	24
CapaCostaCo 	8-7 (55) 	110 	115 	48 	62 	32 	.747 	97 	19 	38 	16 	15
Shrooms are great 	9-5 (59) 	128 	95 	56 	2 	37 	.717 	78 	20 	23 	10 	24
Gold Logie Winner 	6-4 (40) 	117 	94 	44 	20 	51 	.744 	93 	26 	35 	18 	26
Tsunami Umami 	5-4 (34) 	115 	114 	44 	1 	41 	.769 	84 	26 	29 	8 	7