7
2017
Jerk Werts (REVIVAL) 	5-10 (40) 	119 	94 	47 	18 	29 	.695 	69 	22 	22 	8 	9
Libba's Pingas 	7-5 (47) 	100 	100 	49 	35 	36 	.725 	77 	10 	17 	9 	30
Septal Perforation 	12-8 (80) 	125 	109 	54 	50 	41 	.744 	81 	23 	23 	12 	20
woolworths_slayer92 	17-10 (112) 	149 	92 	66 	16 	38 	.763 	76 	19 	22 	9 	19
PASSWORD IS BAYSIDE 	2-6 (18) 	99 	125 	29 	29 	61 	.710 	90 	16 	30 	11 	16
The Faceless Men 	12-5 (77) 	122 	85 	52 	52 	30 	.705 	76 	12 	23 	17 	23
Gold Logie Winner 	11-2 (68) 	134 	117 	51 	13 	29 	.749 	94 	21 	28 	18 	21
El Maestro de Chaque 	8-2 (50) 	140 	94 	60 	42 	41 	.722 	81 	20 	36 	6 	18
Yeah LeBois 	4-1 (25) 	122 	144 	51 	58 	37 	.763 	109 	25 	33 	11 	25
flamingos 	5-5 (35) 	104 	101 	51 	17 	27 	.737 	82 	21 	27 	12 	10
Bayside City Council 	8-4 (52) 	129 	97 	45 	42 	40 	.752 	90 	15 	36 	12 	24
Mid Week Rub!!!! 	7-6 (48) 	125 	102 	37 	30 	45 	.692 	89 	26 	37 	23 	15
Shrooms are great 	11-6 (72) 	96 	76 	37 	1 	42 	.715 	77 	13 	24 	10 	15
Tsunami Umami 	8-6 (54) 	119 	94 	51 	6 	34 	.765 	68 	16 	19 	12 	24
CapaCostaCo 	10-5 (65) 	123 	114 	50 	16 	29 	.738 	98 	23 	37 	7 	9
Krooooooz 	11-10 (76) 	133 	109 	60 	26 	35 	.740 	99 	17 	29 	20 	30
5M0K3 DZA 420 w33d 	9-2 (56) 	120 	95 	48 	43 	50 	.730 	82 	18 	27 	13 	38
Top Up FC 	6-6 (42) 	99 	83 	43 	34 	38 	.742 	67 	16 	15 	12 	1