1
2017
Jerk Werts (REVIVAL) 	16-2 (98) 	129 	81 	62 	23 	26 	.790 	68 	23 	14 	9 	27
Septal Perforation 	12-6 (78) 	102 	86 	41 	3 	28 	.771 	65 	20 	13 	17 	12
Libba's Pingas 	7-10 (52) 	122 	111 	45 	28 	34 	.721 	88 	24 	31 	12 	26
Top Up FC 	13-7 (85) 	113 	84 	49 	18 	31 	.736 	75 	22 	25 	8 	13
Bayside City Council 	3-2 (20) 	103 	73 	37 	28 	26 	.659 	72 	21 	20 	13 	7
Shrooms are great 	6-7 (43) 	128 	122 	53 	15 	26 	.748 	99 	16 	31 	11 	28
Gold Logie Winner 	8-5 (53) 	128 	86 	44 	16 	44 	.743 	72 	25 	19 	12 	15
5M0K3 DZA 420 w33d 	6-3 (39) 	132 	105 	53 	33 	28 	.658 	103 	23 	33 	17 	24
CapaCostaCo 	11-7 (73) 	107 	106 	43 	41 	45 	.732 	96 	14 	29 	11 	38
flamingos 	11-1 (67) 	96 	89 	40 	20 	36 	.757 	76 	13 	17 	7 	1
El Maestro de Chaque 	15-3 (93) 	107 	86 	45 	32 	32 	.788 	87 	18 	36 	18 	15
Yeah LeBois 	12-3 (75) 	131 	109 	62 	27 	40 	.783 	86 	20 	20 	22 	24
Krooooooz 	11-6 (72) 	129 	84 	50 	73 	28 	.700 	81 	19 	21 	14 	17
The Faceless Men 	2-9 (21) 	129 	86 	50 	48 	30 	.735 	71 	11 	32 	13 	12
Mid Week Rub!!!! 	5-2 (32) 	149 	100 	58 	29 	36 	.747 	88 	24 	31 	9 	14
PASSWORD IS BAYSIDE 	9-2 (56) 	135 	110 	48 	39 	31 	.755 	108 	24 	34 	16 	23
woolworths_slayer92 	13-8 (86) 	138 	100 	55 	34 	43 	.748 	110 	14 	42 	11 	37
Tsunami Umami 	3-7 (25) 	125 	93 	40 	12 	42 	.739 	79 	28 	41 	5 	2