8
2017
Jerk Werts (REVIVAL) 	9-13 (67) 	129 	93 	68 	47 	25 	.775 	63 	29 	12 	18 	24
flamingos 	3-7 (25) 	105 	119 	50 	32 	39 	.737 	78 	20 	26 	22 	15
Septal Perforation 	9-2 (56) 	105 	108 	47 	46 	36 	.784 	78 	23 	24 	23 	9
5M0K3 DZA 420 w33d 	8-8 (56) 	132 	111 	40 	65 	61 	.671 	116 	13 	45 	7 	22
Krooooooz 	11-5 (71) 	112 	88 	48 	34 	42 	.750 	65 	20 	11 	19 	19
Top Up FC 	11-5 (71) 	104 	99 	40 	36 	32 	.685 	76 	18 	21 	17 	12
CapaCostaCo 	7-5 (47) 	127 	88 	40 	15 	35 	.698 	89 	25 	32 	8 	20
Tsunami Umami 	2-7 (19) 	130 	104 	52 	7 	34 	.705 	75 	18 	19 	8 	17
Mid Week Rub!!!! 	9-2 (56) 	119 	115 	38 	63 	40 	.744 	118 	18 	49 	12 	30
Shrooms are great 	8-4 (52) 	115 	101 	59 	0 	41 	.764 	82 	16 	20 	9 	9
Bayside City Council 	11-5 (71) 	139 	87 	71 	47 	40 	.721 	79 	13 	26 	23 	28
Yeah LeBois 	4-0 (24) 	109 	155 	53 	39 	38 	.792 	96 	21 	25 	12 	11
Libba's Pingas 	11-5 (71) 	131 	124 	43 	74 	38 	.765 	93 	18 	31 	9 	21
El Maestro de Chaque 	6-6 (42) 	139 	113 	55 	20 	40 	.750 	82 	24 	30 	14 	18
Gold Logie Winner 	8-6 (54) 	152 	114 	44 	30 	23 	.748 	100 	23 	39 	18 	23
PASSWORD IS BAYSIDE 	4-7 (31) 	149 	129 	52 	14 	46 	.687 	99 	23 	35 	11 	14
woolworths_slayer92 	4-6 (30) 	131 	90 	56 	23 	33 	.756 	63 	30 	21 	7 	13
The Faceless Men 	5-10 (40) 	113 	92 	48 	35 	38 	.702 	73 	17 	29 	8 	26