14
2017
Jerk Werts (REVIVAL) 	8-7 (55) 	121 	80 	50 	31 	30 	.706 	61 	22 	19 	5 	21
Top Up FC 	6-10 (46) 	97 	90 	37 	31 	38 	.652 	90 	18 	27 	13 	15
Septal Perforation 	7-6 (48) 	138 	97 	46 	35 	34 	.740 	83 	22 	29 	16 	31
Tsunami Umami 	4-5 (29) 	115 	73 	48 	6 	49 	.723 	70 	19 	24 	10 	8
Krooooooz 	8-6 (54) 	113 	80 	68 	42 	34 	.751 	62 	12 	16 	13 	16
Mid Week Rub!!!! 	8-8 (56) 	110 	99 	41 	34 	34 	.737 	102 	15 	28 	12 	19
Yeah LeBois 	3-3 (21) 	105 	130 	33 	36 	46 	.757 	86 	20 	31 	8 	16
5M0K3 DZA 420 w33d 	14-8 (92) 	137 	112 	59 	35 	28 	.719 	83 	31 	31 	12 	22
CapaCostaCo 	8-7 (55) 	126 	87 	54 	12 	51 	.761 	84 	19 	30 	10 	25
El Maestro de Chaque 	4-4 (28) 	124 	106 	48 	23 	38 	.674 	79 	20 	30 	24 	13
PASSWORD IS BAYSIDE 	8-6 (54) 	123 	107 	41 	37 	32 	.700 	102 	26 	35 	19 	34
Shrooms are great 	6-3 (39) 	97 	103 	46 	9 	29 	.770 	79 	19 	22 	9 	5
Bayside City Council 	10-5 (65) 	130 	124 	53 	29 	35 	.724 	90 	20 	27 	12 	31
woolworths_slayer92 	5-8 (38) 	100 	100 	44 	0 	51 	.770 	80 	17 	28 	29 	8
The Faceless Men 	5-0 (30) 	80 	82 	37 	0 	20 	.833 	56 	15 	18 	9 	9
flamingos 	11-10 (76) 	121 	73 	60 	7 	26 	.711 	77 	15 	20 	5 	28
Libba's Pingas 	5-4 (34) 	131 	98 	56 	40 	32 	.777 	71 	20 	14 	6 	4
Gold Logie Winner 	6-10 (46) 	139 	117 	66 	33 	33 	.730 	85 	26 	27 	13 	35