21
2017
El Maestro de Chaque 	5-8 (38) 	126 	105 	57 	21 	36 	.745 	71 	18 	22 	13 	21
PASSWORD IS BAYSIDE 	7-5 (47) 	108 	100 	36 	19 	48 	.745 	84 	18 	25 	9 	16
Gold Logie Winner 	6-5 (41) 	121 	111 	47 	33 	26 	.784 	90 	22 	31 	19 	9
CapaCostaCo 	11-7 (73) 	133 	95 	59 	46 	36 	.768 	91 	25 	31 	8 	29
Krooooooz 	6-9 (45) 	117 	84 	58 	37 	29 	.701 	67 	17 	20 	17 	8
5M0K3 DZA 420 w33d 	7-3 (45) 	119 	86 	47 	34 	29 	.673 	75 	22 	21 	18 	19
woolworths_slayer92 	8-2 (50) 	111 	76 	40 	25 	45 	.770 	87 	19 	37 	11 	28
Yeah LeBois 	4-2 (26) 	107 	114 	48 	20 	27 	.778 	84 	16 	28 	8 	11
Bayside City Council 	9-7 (61) 	142 	112 	65 	31 	36 	.697 	88 	23 	35 	15 	33
Shrooms are great 	8-4 (52) 	126 	101 	58 	11 	46 	.674 	97 	18 	21 	7 	6
flamingos 	4-4 (28) 	97 	78 	37 	25 	28 	.726 	53 	14 	18 	10 	7
Tsunami Umami 	6-2 (38) 	131 	102 	49 	29 	22 	.704 	66 	24 	22 	9 	32