16
2017
Jerk Werts (REVIVAL) 	7-12 (54) 	133 	106 	60 	44 	37 	.686 	74 	15 	30 	7 	26
5M0K3 DZA 420 w33d 	10-6 (66) 	129 	75 	43 	32 	36 	.701 	68 	17 	23 	8 	13
Septal Perforation 	9-7 (61) 	108 	93 	52 	37 	37 	.672 	90 	25 	22 	18 	27
Libba's Pingas 	6-5 (41) 	123 	76 	44 	36 	40 	.714 	81 	20 	24 	13 	12
Gold Logie Winner 	6-7 (43) 	139 	108 	60 	18 	23 	.753 	84 	23 	27 	13 	27
flamingos 	17-4 (106) 	108 	86 	58 	11 	30 	.737 	67 	11 	20 	9 	12
Bayside City Council 	6-1 (37) 	121 	104 	55 	39 	32 	.751 	81 	21 	18 	4 	28
The Faceless Men 	7-2 (44) 	66 	56 	28 	0 	16 	.795 	41 	12 	7 	6 	11
woolworths_slayer92 	5-6 (36) 	110 	85 	42 	31 	43 	.754 	80 	9 	30 	15 	10
Shrooms are great 	7-3 (45) 	118 	130 	50 	15 	42 	.750 	109 	22 	37 	6 	29
CapaCostaCo 	14-6 (90) 	127 	90 	51 	35 	45 	.742 	89 	14 	36 	10 	21
PASSWORD IS BAYSIDE 	9-5 (59) 	121 	152 	40 	28 	57 	.758 	92 	21 	36 	13 	17
El Maestro de Chaque 	6-5 (41) 	134 	107 	51 	18 	48 	.743 	90 	23 	34 	14 	28
Top Up FC 	15-4 (94) 	118 	79 	49 	33 	47 	.690 	78 	18 	22 	13 	11
Krooooooz 	12-6 (78) 	135 	80 	55 	38 	37 	.721 	75 	23 	21 	23 	26
Yeah LeBois 	5-2 (32) 	125 	119 	51 	53 	36 	.762 	92 	21 	31 	8 	13
Mid Week Rub!!!! 	3-5 (23) 	101 	101 	39 	24 	36 	.708 	88 	25 	26 	25 	15
Tsunami Umami 	7-5 (47) 	149 	98 	65 	11 	37 	.745 	80 	24 	31 	9 	24