10
2017
Jerk Werts (REVIVAL) 	16-8 (104) 	128 	132 	51 	51 	36 	.815 	78 	22 	21 	7 	27
Shrooms are great 	10-11 (71) 	126 	71 	59 	28 	46 	.670 	72 	22 	18 	16 	10
Septal Perforation 	5-7 (37) 	108 	84 	33 	39 	29 	.693 	79 	22 	21 	16 	8
Krooooooz 	11-4 (70) 	121 	103 	56 	10 	41 	.723 	94 	18 	16 	7 	31
Mid Week Rub!!!! 	2-2 (14) 	118 	119 	49 	45 	41 	.747 	94 	11 	29 	13 	19
Top Up FC 	10-3 (63) 	113 	92 	45 	53 	42 	.751 	90 	18 	24 	22 	20
CapaCostaCo 	11-4 (70) 	119 	104 	46 	85 	41 	.726 	94 	18 	36 	17 	18
Yeah LeBois 	3-1 (19) 	120 	158 	43 	41 	44 	.730 	97 	21 	34 	15 	21
Bayside City Council 	12-2 (74) 	126 	86 	37 	31 	29 	.731 	86 	17 	28 	15 	8
El Maestro de Chaque 	12-7 (79) 	129 	88 	40 	22 	45 	.700 	84 	24 	30 	13 	31
PASSWORD IS BAYSIDE 	6-6 (42) 	152 	113 	50 	46 	48 	.740 	91 	28 	44 	15 	37
flamingos 	5-2 (32) 	119 	76 	47 	8 	36 	.692 	70 	20 	26 	19 	2
Libba's Pingas 	6-9 (45) 	152 	124 	46 	40 	36 	.754 	88 	17 	29 	15 	28
woolworths_slayer92 	7-3 (45) 	105 	104 	44 	3 	33 	.746 	94 	13 	29 	12 	2
Gold Logie Winner 	6-7 (43) 	107 	120 	37 	39 	45 	.731 	93 	22 	29 	21 	34
The Faceless Men 	3-4 (22) 	103 	97 	39 	1 	32 	.745 	76 	18 	19 	11 	5
5M0K3 DZA 420 w33d 	7-9 (51) 	134 	90 	52 	27 	54 	.719 	74 	14 	26 	13 	20
Tsunami Umami 	9-6 (60) 	133 	108 	44 	9 	36 	.705 	78 	22 	38 	12 	19