15
2017
Jerk Werts (REVIVAL) 	6-6 (42) 	132 	113 	47 	45 	39 	.710 	90 	21 	33 	11 	16
Krooooooz 	9-6 (60) 	145 	86 	60 	32 	31 	.758 	78 	25 	22 	11 	21
Septal Perforation 	5-6 (36) 	98 	101 	39 	52 	41 	.698 	81 	20 	26 	12 	18
Mid Week Rub!!!! 	4-5 (29) 	129 	106 	51 	36 	35 	.677 	91 	17 	40 	16 	21
Yeah LeBois 	1-5 (11) 	114 	101 	42 	32 	40 	.758 	72 	26 	20 	7 	22
Tsunami Umami 	6-6 (42) 	106 	96 	38 	0 	44 	.619 	75 	23 	20 	9 	16
El Maestro de Chaque 	3-6 (24) 	154 	111 	68 	28 	39 	.713 	83 	31 	32 	19 	35
5M0K3 DZA 420 w33d 	3-4 (22) 	110 	93 	41 	30 	34 	.719 	58 	14 	21 	5 	4
PASSWORD IS BAYSIDE 	1-4 (10) 	138 	138 	60 	42 	57 	.732 	98 	30 	37 	7 	29
Top Up FC 	11-8 (74) 	104 	91 	37 	33 	44 	.723 	69 	14 	14 	22 	10
CapaCostaCo 	9-3 (57) 	134 	134 	56 	57 	51 	.728 	110 	14 	37 	19 	27
woolworths_slayer92 	10-5 (65) 	102 	98 	52 	4 	33 	.720 	77 	23 	20 	28 	12
The Faceless Men 	5-3 (33) 	71 	66 	34 	0 	30 	.730 	46 	7 	9 	3 	0
Shrooms are great 	9-3 (57) 	98 	124 	47 	8 	49 	.761 	82 	13 	23 	9 	39
Bayside City Council 	4-7 (31) 	113 	104 	48 	42 	36 	.659 	78 	14 	21 	7 	17
Gold Logie Winner 	7-9 (51) 	135 	102 	40 	36 	35 	.684 	91 	25 	43 	19 	22
Libba's Pingas 	8-5 (53) 	118 	96 	48 	34 	29 	.748 	70 	25 	22 	11 	18
flamingos 	15-5 (95) 	123 	74 	43 	14 	34 	.721 	94 	12 	26 	8 	21