22
2017
Jerk Werts (REVIVAL) 	8-3 (51) 	124 	88 	50 	0 	36 	.755 	58 	17 	23 	12 	4
CapaCostaCo 	8-5 (53) 	157 	95 	69 	25 	30 	.758 	101 	32 	39 	21 	35
Libba's Pingas 	3-0 (18) 	140 	95 	47 	48 	47 	.638 	88 	30 	28 	9 	18
El Maestro de Chaque 	8-3 (51) 	133 	99 	61 	32 	43 	.750 	74 	16 	23 	16 	21
Gold Logie Winner 	7-6 (48) 	120 	134 	36 	35 	48 	.724 	107 	22 	50 	20 	11
PASSWORD IS BAYSIDE 	5-5 (35) 	126 	147 	56 	38 	49 	.762 	107 	23 	38 	12 	26
Bayside City Council 	8-4 (52) 	115 	107 	49 	56 	46 	.721 	83 	21 	23 	13 	22
Mid Week Rub!!!! 	5-3 (33) 	119 	107 	37 	0 	38 	.695 	98 	25 	28 	6 	11
Septal Perforation 	7-4 (46) 	97 	84 	37 	30 	27 	.657 	52 	21 	11 	16 	12
woolworths_slayer92 	5-5 (35) 	136 	87 	36 	31 	45 	.677 	100 	21 	26 	26 	25
Yeah LeBois 	2-1 (13) 	132 	131 	51 	30 	42 	.787 	96 	19 	33 	16 	18
Shrooms are great 	6-2 (38) 	110 	144 	58 	17 	35 	.780 	118 	11 	37 	10 	21