5
2017
Jerk Werts (REVIVAL) 	10-10 (70) 	114 	95 	47 	2 	27 	.722 	79 	12 	16 	9 	27
The Faceless Men 	3-6 (24) 	93 	87 	37 	59 	39 	.672 	71 	14 	21 	11 	12
Septal Perforation 	9-2 (56) 	126 	109 	40 	27 	34 	.711 	80 	20 	18 	10 	21
PASSWORD IS BAYSIDE 	7-6 (48) 	113 	115 	47 	0 	39 	.750 	77 	17 	24 	13 	18
El Maestro de Chaque 	4-9 (33) 	158 	71 	44 	56 	48 	.633 	90 	25 	44 	9 	22
woolworths_slayer92 	9-4 (58) 	120 	78 	43 	29 	35 	.768 	60 	24 	17 	23 	17
Gold Logie Winner 	14-8 (92) 	121 	103 	38 	32 	33 	.705 	86 	19 	29 	10 	15
Yeah LeBois 	5-4 (34) 	109 	135 	59 	54 	51 	.770 	87 	29 	23 	16 	24
Libba's Pingas 	8-8 (56) 	111 	89 	38 	34 	34 	.685 	64 	9 	13 	16 	12
Mid Week Rub!!!! 	4-7 (31) 	119 	90 	46 	46 	27 	.737 	73 	12 	25 	22 	27
flamingos 	6-1 (37) 	128 	121 	59 	32 	46 	.767 	95 	30 	36 	21 	23
Tsunami Umami 	7-3 (45) 	137 	101 	35 	2 	30 	.693 	98 	22 	31 	13 	16
Bayside City Council 	2-1 (13) 	108 	133 	38 	41 	49 	.701 	103 	16 	32 	17 	16
Krooooooz 	8-9 (57) 	118 	78 	51 	26 	29 	.730 	72 	26 	21 	20 	23
5M0K3 DZA 420 w33d 	11-4 (70) 	128 	103 	50 	50 	42 	.766 	88 	23 	32 	23 	31
Shrooms are great 	8-4 (52) 	119 	115 	46 	15 	33 	.739 	100 	20 	28 	11 	8
CapaCostaCo 	10-6 (66) 	155 	111 	64 	29 	40 	.714 	91 	27 	28 	11 	21
Top Up FC 	13-9 (87) 	114 	97 	46 	65 	46 	.701 	77 	10 	28 	18 	17