20
2019
Stand By Crouch 	4-4 (28) 	150 	92 	66 	26 	29 	.694 	85 	23 	23 	20 	16
Two time 	5-5 (35) 	149 	99 	59 	24 	52 	.710 	88 	28 	38 	8 	25
Trunk 	8-11 (59) 	137 	97 	62 	32 	21 	.735 	90 	16 	25 	10 	23
Ardern's Army 	4-7 (31) 	135 	97 	64 	30 	26 	.711 	85 	18 	24 	15 	12
Mushroom Alfredo 	12-10 (82) 	165 	118 	61 	9 	42 	.703 	121 	21 	47 	16 	30
Derry Boys 	9-6 (60) 	147 	101 	74 	24 	39 	.730 	82 	34 	25 	11 	11
PASSWORD IS BAYSIDE 	4-3 (27) 	124 	116 	57 	23 	38 	.725 	86 	19 	29 	5 	23
The Dow Jones 	8-6 (54) 	134 	76 	53 	17 	37 	.724 	74 	32 	12 	21 	18
Green Heinekens 	3-2 (20) 	146 	94 	59 	38 	39 	.750 	90 	32 	36 	22 	18
The Spreadsheet 	6-3 (39) 	141 	110 	59 	14 	41 	.733 	81 	23 	38 	15 	19
Disown Team 	10-5 (65) 	149 	89 	80 	28 	26 	.752 	66 	32 	12 	10 	14
Bayside City Council 	12-8 (80) 	133 	97 	58 	29 	39 	.717 	97 	17 	31 	27 	27
Tanky Longy's Team 	7-5 (47) 	146 	97 	60 	22 	47 	.724 	92 	27 	39 	5 	35
_thebiggerboi_ 	7-2 (44) 	139 	91 	44 	43 	38 	.722 	69 	23 	24 	15 	6
Shrooms are great 	4-2 (26) 	149 	100 	60 	32 	48 	.767 	92 	25 	32 	19 	30
flamingos 	7-3 (45) 	117 	88 	56 	35 	26 	.717 	90 	19 	29 	11 	11