15
2019
flamingos 	12-2 (74) 	125 	109 	57 	42 	26 	.709 	101 	14 	28 	16 	27
_thebiggerboi_ 	4-3 (27) 	161 	107 	51 	35 	36 	.705 	110 	34 	42 	15 	14
Stand By Crouch 	9-7 (61) 	144 	75 	50 	59 	22 	.635 	96 	25 	22 	32 	24
Mushroom Alfredo 	5-6 (36) 	142 	114 	53 	1 	51 	.609 	121 	24 	36 	24 	17
Disown Team 	5-8 (38) 	159 	61 	50 	27 	29 	.682 	63 	29 	17 	15 	19
Ardern's Army 	4-4 (28) 	131 	107 	49 	30 	42 	.685 	93 	17 	30 	19 	22
Derry Boys 	2-9 (21) 	118 	101 	41 	13 	49 	.658 	86 	18 	21 	13 	13
Bayside City Council 	3-5 (23) 	127 	99 	42 	10 	43 	.664 	105 	21 	34 	25 	28
Tanky Longy's Team 	10-10 (70) 	104 	97 	46 	73 	29 	.687 	85 	13 	29 	25 	18
Andrew cant cook 	7-5 (47) 	138 	128 	36 	45 	48 	.718 	130 	19 	50 	18 	23
PASSWORD IS BAYSIDE 	6-3 (39) 	155 	113 	46 	21 	43 	.679 	109 	26 	40 	16 	33
The Dow Jones 	6-2 (38) 	131 	69 	44 	3 	46 	.760 	63 	34 	20 	15 	8
Shrooms are great 	0-2 (2) 	143 	85 	44 	34 	54 	.645 	91 	38 	28 	27 	8
The Faceless Men 	5-6 (36) 	162 	113 	54 	62 	34 	.684 	122 	33 	32 	16 	33
The Spreadsheet 	2-4 (16) 	157 	111 	47 	31 	43 	.653 	103 	32 	48 	15 	25
CostaWhyte 	8-9 (57) 	150 	97 	53 	21 	51 	.640 	99 	23 	36 	6 	16
Green Heinekens 	9-7 (61) 	137 	99 	49 	40 	34 	.644 	101 	23 	35 	22 	23
Trunk 	8-5 (53) 	160 	89 	51 	39 	43 	.631 	102 	34 	38 	16 	18