19
2019
Disown Team 	10-10 (70) 	154 	78 	65 	60 	28 	.737 	73 	29 	19 	16 	25
_thebiggerboi_ 	4-5 (29) 	149 	93 	42 	39 	40 	.698 	92 	25 	36 	19 	16
Bayside City Council 	9-6 (60) 	128 	100 	54 	27 	37 	.737 	89 	12 	24 	16 	18
The Dow Jones 	12-8 (80) 	120 	91 	54 	0 	41 	.782 	73 	15 	16 	23 	19
Two time 	10-3 (63) 	133 	104 	67 	22 	33 	.717 	103 	22 	37 	4 	21
The Faceless Men 	3-8 (26) 	145 	87 	60 	36 	34 	.733 	62 	24 	21 	8 	20
Mushroom Alfredo 	9-9 (63) 	151 	110 	57 	12 	39 	.701 	109 	18 	38 	7 	31
CostaWhyte 	6-5 (41) 	120 	88 	46 	23 	31 	.721 	77 	18 	33 	18 	9
Tanky Longy's Team 	7-8 (50) 	144 	93 	50 	19 	37 	.692 	102 	37 	28 	15 	24
The Spreadsheet 	5-2 (32) 	119 	115 	47 	35 	37 	.684 	96 	34 	48 	18 	13
Stand By Crouch 	11-5 (71) 	156 	99 	53 	49 	38 	.702 	98 	26 	26 	22 	18
Trunk 	9-8 (62) 	160 	118 	60 	33 	38 	.683 	101 	16 	35 	11 	19
Derry Boys 	13-5 (83) 	149 	100 	61 	10 	29 	.759 	100 	26 	22 	9 	21
Shrooms are great 	2-4 (16) 	134 	107 	37 	12 	47 	.714 	102 	33 	28 	21 	20
PASSWORD IS BAYSIDE 	9-7 (61) 	128 	90 	45 	12 	29 	.693 	84 	16 	25 	22 	17
Ardern's Army 	8-6 (54) 	121 	110 	51 	34 	39 	.723 	93 	17 	34 	12 	24
Green Heinekens 	7-1 (43) 	124 	96 	52 	42 	46 	.764 	98 	14 	34 	15 	16
flamingos 	10-3 (63) 	119 	104 	60 	23 	43 	.789 	87 	18 	29 	32 	25