2
2019
Stand By Crouch 	10-6 (66) 	154 	75 	57 	38 	30 	.633 	83 	26 	21 	31 	25
flamingos 	9-7 (61) 	127 	101 	45 	14 	49 	.724 	83 	25 	24 	19 	14
Costa's Shroom Caps 	5-8 (38) 	156 	81 	54 	37 	27 	.684 	102 	25 	37 	9 	3
Ardern's Army 	6-5 (41) 	158 	120 	64 	34 	36 	.705 	125 	34 	39 	10 	38
Green Heinekens 	5-7 (37) 	140 	105 	60 	44 	43 	.657 	98 	20 	30 	9 	26
Derry Boys 	8-5 (53) 	127 	83 	40 	23 	35 	.733 	83 	25 	19 	21 	15
Mushroom Alfredo 	4-6 (30) 	151 	112 	64 	11 	30 	.707 	110 	21 	50 	15 	26
PASSWORD IS BAYSIDE 	5-5 (35) 	137 	108 	49 	23 	40 	.682 	108 	17 	44 	13 	15
The Bev Temples 	7-9 (51) 	167 	138 	54 	34 	40 	.725 	120 	25 	53 	15 	34
Shrooms are great 	7-1 (43) 	151 	96 	62 	25 	33 	.814 	74 	21 	20 	12 	7
Bayside City Council 	6-8 (44) 	138 	105 	54 	15 	51 	.733 	101 	28 	33 	20 	19
The Spreadsheet 	6-0 (36) 	140 	111 	57 	20 	44 	.709 	109 	18 	42 	13 	22
TOOMUCHDOG 	13-6 (84) 	170 	71 	67 	53 	31 	.730 	84 	38 	25 	21 	28
Trunk 	10-4 (64) 	149 	89 	64 	40 	32 	.735 	74 	30 	24 	11 	13
_thebiggerboi_ 	10-2 (62) 	137 	104 	45 	32 	46 	.730 	101 	19 	25 	28 	37
CostaWhyte 	8-2 (50) 	132 	80 	42 	33 	32 	.726 	85 	32 	22 	12 	4
The Faceless Men 	4-6 (30) 	137 	104 	55 	33 	31 	.734 	89 	32 	33 	14 	30
The Dow Jones 	9-8 (62) 	99 	64 	42 	0 	30 	.632 	61 	19 	20 	17 	11