10
2019
The Dow Jones 	8-10 (58) 	152 	86 	55 	2 	50 	.714 	92 	27 	18 	12 	25
CostaWhyte 	5-4 (34) 	119 	105 	54 	12 	46 	.732 	89 	12 	22 	14 	16
Trunk 	7-9 (51) 	174 	103 	50 	44 	42 	.664 	119 	23 	45 	14 	27
_thebiggerboi_ 	5-3 (33) 	145 	104 	43 	10 	62 	.655 	107 	30 	41 	20 	14
Disown Team 	8-8 (56) 	138 	71 	58 	36 	20 	.651 	79 	29 	13 	15 	15
The Spreadsheet 	2-1 (13) 	143 	113 	39 	48 	44 	.758 	113 	32 	34 	9 	26
Shrooms are great 	2-4 (16) 	141 	89 	50 	21 	40 	.661 	86 	36 	26 	20 	13
Bayside City Council 	2-4 (16) 	133 	99 	43 	27 	40 	.659 	102 	41 	33 	28 	16
BunkoutWithBurnout! 	9-4 (58) 	117 	99 	42 	9 	41 	.736 	83 	21 	31 	17 	31
PASSWORD IS BAYSIDE 	7-2 (44) 	143 	83 	51 	3 	28 	.695 	76 	20 	27 	9 	10
Mushroom Alfredo 	5-4 (34) 	142 	103 	50 	27 	37 	.665 	102 	18 	30 	20 	21
flamingos 	5-4 (34) 	133 	94 	48 	34 	42 	.731 	92 	33 	36 	16 	12
Stand By Crouch 	9-9 (63) 	156 	113 	51 	51 	62 	.651 	122 	26 	47 	15 	24
Ardern's Army 	6-4 (40) 	167 	101 	57 	57 	37 	.701 	113 	16 	49 	9 	17
Yablett 	8-12 (60) 	139 	105 	48 	37 	41 	.676 	97 	22 	28 	12 	15
Derry Boys 	10-4 (64) 	147 	85 	49 	29 	39 	.694 	82 	28 	28 	21 	25
Green Heinekens 	6-2 (38) 	108 	97 	39 	40 	44 	.741 	72 	20 	16 	19 	24
The Faceless Men 	4-6 (30) 	120 	92 	53 	79 	42 	.689 	100 	23 	38 	10 	17