18
2019
Green Heinekens 	6-0 (36) 	151 	84 	60 	27 	36 	.757 	80 	29 	28 	19 	24
PASSWORD IS BAYSIDE 	6-3 (39) 	129 	95 	53 	20 	35 	.746 	63 	24 	16 	21 	17
Shrooms are great 	4-3 (27) 	151 	110 	50 	30 	53 	.697 	109 	33 	35 	21 	22
flamingos 	4-6 (30) 	126 	105 	61 	34 	46 	.706 	101 	21 	36 	17 	19
The Spreadsheet 	7-4 (46) 	132 	124 	66 	19 	51 	.746 	101 	18 	29 	13 	30
Ardern's Army 	5-5 (35) 	133 	105 	53 	40 	34 	.735 	75 	24 	30 	12 	11
Derry Boys 	4-4 (28) 	116 	95 	39 	27 	35 	.758 	87 	25 	20 	16 	10
Trunk 	8-6 (54) 	155 	142 	60 	39 	34 	.734 	122 	32 	35 	12 	31
Tanky Longy's Team 	7-6 (48) 	133 	86 	53 	33 	41 	.758 	79 	28 	33 	28 	26
CostaWhyte 	8-5 (53) 	115 	85 	54 	34 	40 	.745 	78 	9 	23 	18 	15
Tanky Longy's Team 	7-6 (48) 	133 	86 	53 	33 	41 	.758 	79 	28 	33 	28 	26
CostaWhyte 	8-5 (53) 	115 	85 	54 	34 	40 	.745 	78 	9 	23 	18 	15
Mushroom Alfredo 	11-6 (72) 	163 	87 	61 	24 	37 	.676 	97 	20 	36 	9 	29
The Dow Jones 	11-1 (67) 	108 	91 	52 	19 	33 	.784 	70 	13 	18 	16 	12
Andrew cant cook 	9-5 (59) 	141 	104 	52 	21 	47 	.673 	98 	20 	42 	4 	31
_thebiggerboi_ 	7-2 (44) 	134 	84 	45 	44 	41 	.748 	79 	20 	28 	10 	9
Disown Team 	7-9 (51) 	146 	84 	56 	48 	23 	.670 	63 	27 	15 	10 	14
Bayside City Council 	13-6 (84) 	125 	103 	40 	30 	34 	.693 	108 	14 	45 	16 	27