17
2019
The Spreadsheet 	6-7 (43) 	127 	110 	39 	45 	53 	.608 	112 	30 	45 	22 	14
PASSWORD IS BAYSIDE 	8-3 (51) 	133 	111 	51 	14 	47 	.730 	103 	29 	28 	19 	27
Green Heinekens 	3-4 (22) 	141 	105 	51 	41 	30 	.732 	98 	25 	27 	30 	13
Shrooms are great 	7-3 (45) 	146 	109 	42 	36 	59 	.655 	109 	30 	44 	21 	28
Trunk 	8-6 (54) 	138 	89 	46 	36 	43 	.700 	68 	25 	30 	30 	23
flamingos 	3-1 (19) 	109 	97 	39 	43 	38 	.723 	95 	24 	32 	30 	15
Ardern's Army 	6-8 (44) 	159 	105 	54 	32 	39 	.708 	115 	28 	43 	20 	33
CostaWhyte 	2-5 (17) 	127 	98 	50 	41 	43 	.689 	88 	28 	23 	15 	7
Derry Boys 	15-7 (97) 	148 	98 	78 	8 	33 	.715 	90 	18 	23 	20 	18
The Faceless Men 	5-5 (35) 	148 	106 	46 	31 	38 	.642 	96 	28 	27 	14 	17
Tanky Longy's Team 	11-8 (74) 	154 	90 	62 	28 	41 	.762 	97 	19 	38 	26 	37
The Dow Jones 	6-6 (42) 	127 	85 	45 	17 	37 	.689 	81 	30 	23 	26 	1
Mushroom Alfredo 	8-8 (56) 	159 	111 	52 	24 	53 	.622 	119 	15 	42 	7 	21
Disown Team 	7-6 (48) 	165 	99 	56 	34 	40 	.739 	70 	27 	18 	20 	20
Andrew cant cook 	3-5 (23) 	123 	87 	36 	35 	45 	.690 	94 	19 	41 	18 	11
Bayside City Council 	9-8 (62) 	137 	123 	47 	16 	44 	.619 	105 	22 	31 	19 	30
Stand By Crouch 	4-7 (31) 	166 	92 	49 	30 	58 	.678 	107 	25 	34 	18 	27
_thebiggerboi_ 	2-2 (14) 	149 	84 	51 	42 	30 	.695 	80 	36 	27 	24 	14