16
2019
Green Heinekens 	9-5 (59) 	134 	100 	49 	44 	36 	.709 	93 	25 	28 	12 	14
The Spreadsheet 	4-1 (25) 	145 	115 	56 	24 	45 	.700 	102 	27 	35 	16 	27
Stand By Crouch 	12-6 (78) 	168 	88 	62 	36 	28 	.711 	115 	30 	45 	18 	31
Bayside City Council 	1-6 (12) 	145 	105 	57 	22 	37 	.660 	89 	25 	33 	16 	10
Mushroom Alfredo 	7-4 (46) 	142 	80 	38 	13 	35 	.617 	106 	15 	42 	13 	17
Andrew cant cook 	6-3 (39) 	141 	86 	52 	35 	44 	.727 	90 	19 	37 	13 	21
Trunk 	6-7 (43) 	155 	108 	57 	27 	39 	.684 	98 	35 	32 	18 	22
Shrooms are great 	6-2 (38) 	121 	136 	38 	53 	49 	.747 	108 	28 	38 	11 	19
PASSWORD IS BAYSIDE 	8-4 (52) 	139 	112 	51 	24 	51 	.721 	112 	29 	36 	6 	34
CostaWhyte 	5-3 (33) 	119 	106 	35 	37 	39 	.676 	88 	25 	40 	9 	7
flamingos 	6-3 (39) 	127 	98 	57 	59 	36 	.760 	102 	16 	32 	41 	40
The Faceless Men 	1-6 (12) 	120 	68 	42 	34 	34 	.702 	58 	21 	12 	10 	1
Ardern's Army 	6-3 (39) 	136 	97 	55 	39 	41 	.691 	88 	16 	26 	10 	12
The Dow Jones 	9-4 (58) 	166 	69 	71 	4 	47 	.711 	75 	34 	20 	18 	29
Derry Boys 	11-5 (71) 	125 	81 	49 	13 	31 	.748 	80 	21 	20 	16 	11
_thebiggerboi_ 	5-6 (36) 	158 	100 	53 	29 	46 	.709 	103 	30 	37 	23 	30
Tanky Longy's Team 	5-4 (34) 	111 	96 	47 	36 	40 	.773 	85 	20 	28 	24 	22
Disown Team 	5-4 (34) 	127 	80 	69 	1 	23 	.754 	53 	25 	10 	10 	11