11
2019
Green Heinekens 	7-2 (44) 	144 	85 	60 	15 	32 	.738 	73 	21 	30 	15 	22
CostaWhyte 	6-7 (43) 	143 	97 	71 	34 	54 	.717 	94 	18 	27 	13 	19
Trunk 	18-5 (113) 	151 	122 	69 	37 	26 	.762 	99 	23 	45 	9 	31
The Faceless Men 	7-3 (45) 	128 	101 	47 	66 	37 	.721 	87 	20 	29 	20 	10
The Spreadsheet 	2-2 (14) 	112 	107 	46 	28 	44 	.767 	80 	22 	30 	16 	17
The Dow Jones 	10-6 (66) 	148 	90 	61 	0 	35 	.744 	93 	22 	22 	22 	23
Shrooms are great 	3-2 (20) 	126 	100 	64 	26 	30 	.819 	76 	23 	24 	25 	20
_thebiggerboi_ 	4-6 (30) 	144 	92 	47 	19 	35 	.678 	89 	22 	30 	18 	21
Disown Team 	8-6 (54) 	155 	95 	68 	36 	17 	.684 	77 	24 	19 	18 	13
PASSWORD IS BAYSIDE 	10-6 (66) 	166 	70 	73 	0 	38 	.733 	82 	25 	16 	14 	28
flamingos 	5-5 (35) 	148 	121 	62 	24 	30 	.699 	115 	29 	42 	17 	19
Bayside City Council 	10-9 (69) 	145 	90 	65 	38 	30 	.664 	113 	22 	32 	19 	18
Andrew cant cook 	12-3 (75) 	130 	112 	58 	33 	26 	.764 	86 	21 	31 	10 	31
Ardern's Army 	5-2 (32) 	111 	86 	37 	28 	39 	.711 	98 	20 	36 	16 	10
Mushroom Alfredo 	8-12 (60) 	165 	128 	51 	13 	40 	.662 	107 	30 	45 	13 	28
Derry Boys 	7-6 (48) 	139 	107 	56 	34 	24 	.776 	88 	29 	21 	14 	13
Stand By Crouch 	10-1 (61) 	160 	92 	55 	49 	33 	.679 	98 	34 	35 	12 	35
Tanky Longy's Team 	4-6 (30) 	97 	93 	46 	42 	25 	.674 	78 	17 	34 	6 	6