5
2019
Stand By Crouch 	6-10 (46) 	127 	92 	61 	47 	31 	.689 	83 	15 	17 	23 	27
TOOMUCHDOG 	5-6 (36) 	135 	91 	62 	32 	25 	.770 	71 	25 	15 	19 	14
flamingos 	13-4 (82) 	144 	111 	55 	13 	36 	.769 	98 	33 	36 	28 	24
CostaWhyte 	9-6 (60) 	156 	96 	65 	43 	41 	.702 	95 	32 	32 	7 	17
Trunk 	11-4 (70) 	165 	97 	62 	26 	25 	.756 	97 	26 	29 	16 	23
PASSWORD IS BAYSIDE 	6-2 (38) 	138 	139 	64 	21 	40 	.762 	86 	25 	29 	14 	17
Shrooms are great 	5-2 (32) 	134 	101 	62 	14 	36 	.770 	79 	24 	28 	24 	29
The Spreadsheet 	1-4 (10) 	117 	126 	44 	17 	35 	.724 	86 	18 	34 	18 	12
Derry Boys 	10-6 (66) 	122 	116 	49 	24 	26 	.773 	84 	21 	26 	23 	26
The Dow Jones 	10-3 (63) 	146 	75 	53 	0 	35 	.751 	72 	28 	16 	10 	15
Costa's Shroom Caps 	16-10 (106) 	164 	70 	68 	35 	31 	.748 	93 	24 	21 	23 	25
_thebiggerboi_ 	9-6 (60) 	134 	105 	50 	37 	24 	.749 	91 	20 	22 	23 	13
The Faceless Men 	6-6 (42) 	129 	82 	59 	36 	27 	.701 	68 	15 	20 	9 	3
Ardern's Army 	7-4 (46) 	153 	119 	61 	25 	40 	.779 	102 	24 	33 	10 	38
Mushroom Alfredo 	4-7 (31) 	134 	134 	49 	23 	29 	.728 	109 	13 	43 	9 	9
Bayside City Council 	5-4 (34) 	143 	117 	64 	25 	33 	.750 	88 	22 	30 	17 	32
Green Heinekens 	6-5 (41) 	121 	88 	57 	25 	34 	.694 	78 	16 	21 	24 	18
The Bev Temples 	2-8 (20) 	144 	122 	70 	27 	23 	.692 	85 	29 	29 	12 	23