3
2019
Stand By Crouch 	15-7 (97) 	131 	77 	41 	52 	41 	.663 	85 	16 	26 	20 	22
Green Heinekens 	11-9 (75) 	130 	109 	44 	24 	38 	.715 	105 	15 	34 	21 	19
Costa's Shroom Caps 	11-6 (72) 	145 	70 	67 	38 	32 	.684 	77 	19 	14 	18 	10
Mushroom Alfredo 	14-7 (91) 	154 	128 	48 	28 	39 	.734 	111 	31 	37 	11 	31
Derry Boys 	8-3 (51) 	129 	99 	60 	40 	36 	.750 	91 	20 	24 	15 	21
The Bev Temples 	7-7 (49) 	173 	134 	60 	19 	26 	.720 	123 	33 	47 	10 	16
Bayside City Council 	3-6 (24) 	133 	95 	51 	17 	31 	.693 	90 	15 	28 	18 	3
Ardern's Army 	8-8 (56) 	163 	109 	64 	28 	37 	.739 	98 	26 	38 	13 	38
TOOMUCHDOG 	9-6 (60) 	118 	66 	60 	43 	20 	.772 	60 	28 	18 	12 	25
flamingos 	5-6 (36) 	112 	132 	38 	17 	34 	.758 	122 	24 	39 	22 	16
_thebiggerboi_ 	12-3 (75) 	150 	81 	62 	22 	45 	.710 	90 	15 	30 	14 	18
PASSWORD IS BAYSIDE 	4-3 (27) 	144 	111 	37 	22 	46 	.722 	93 	17 	39 	16 	20
Shrooms are great 	6-5 (41) 	137 	68 	57 	24 	22 	.722 	75 	31 	24 	19 	8
The Dow Jones 	14-10 (94) 	150 	94 	57 	0 	33 	.713 	93 	26 	19 	22 	29
The Spreadsheet 	10-9 (69) 	163 	105 	55 	7 	39 	.728 	116 	39 	48 	24 	38
The Faceless Men 	5-7 (37) 	133 	101 	54 	42 	30 	.714 	88 	19 	37 	19 	3
Trunk 	5-7 (37) 	145 	95 	61 	11 	40 	.746 	84 	24 	26 	13 	16
CostaWhyte 	10-3 (63) 	139 	103 	45 	33 	44 	.698 	92 	24 	29 	11 	24