14
2019
The Faceless Men 	5-0 (30) 	140 	87 	48 	50 	39 	.767 	81 	25 	36 	12 	18
CostaWhyte 	4-4 (28) 	104 	90 	45 	11 	35 	.696 	67 	17 	25 	13 	23
Trunk 	11-2 (68) 	127 	118 	66 	6 	19 	.751 	85 	17 	19 	6 	27
The Dow Jones 	2-0 (12) 	117 	55 	52 	0 	29 	.797 	50 	23 	12 	12 	14
_thebiggerboi_ 	2-4 (16) 	103 	66 	40 	24 	26 	.704 	59 	29 	16 	15 	17
The Spreadsheet 	7-1 (43) 	75 	39 	29 	7 	25 	.728 	47 	14 	10 	7 	24
Disown Team 	5-5 (35) 	136 	94 	58 	48 	32 	.770 	62 	31 	15 	24 	27
Shrooms are great 	3-0 (18) 	134 	88 	53 	25 	39 	.644 	85 	25 	33 	16 	14
Bayside City Council 	3-2 (20) 	85 	63 	33 	16 	23 	.669 	55 	15 	20 	11 	6
PASSWORD IS BAYSIDE 	6-6 (42) 	123 	114 	54 	9 	41 	.717 	96 	22 	33 	9 	35
Andrew cant cook 	5-9 (39) 	135 	85 	50 	48 	44 	.664 	94 	17 	43 	9 	6
flamingos 	8-7 (55) 	108 	70 	53 	40 	30 	.736 	67 	23 	19 	18 	35
Mushroom Alfredo 	5-2 (32) 	107 	81 	34 	0 	32 	.713 	80 	22 	25 	10 	7
Ardern's Army 	4-2 (26) 	99 	50 	46 	0 	25 	.738 	46 	11 	14 	9 	34
Stand By Crouch 	7-4 (46) 	90 	41 	37 	0 	21 	.649 	54 	15 	12 	12 	33
Derry Boys 	3-4 (22) 	93 	56 	40 	20 	22 	.691 	59 	18 	14 	15 	8
Green Heinekens 	8-4 (52) 	106 	97 	41 	31 	63 	.704 	90 	9 	29 	20 	30
Tanky Longy's Team 	5-1 (31) 	109 	76 	45 	78 	37 	.724 	79 	28 	32 	29 	11