21
2019
Stand By Crouch 	7-9 (51) 	177 	87 	62 	29 	37 	.659 	100 	23 	23 	20 	26
Mushroom Alfredo 	6-5 (41) 	161 	95 	54 	8 	44 	.621 	97 	26 	38 	22 	15
PASSWORD IS BAYSIDE 	6-2 (38) 	127 	95 	43 	34 	46 	.707 	79 	26 	25 	14 	3
Ardern's Army 	7-4 (46) 	155 	99 	63 	42 	54 	.717 	103 	27 	38 	10 	38
Derry Boys 	6-1 (37) 	109 	105 	49 	5 	42 	.734 	86 	26 	22 	23 	27
The Dow Jones 	5-6 (36) 	116 	84 	46 	0 	45 	.720 	72 	27 	12 	23 	11
Green Heinekens 	1-3 (9) 	155 	110 	48 	29 	52 	.709 	92 	23 	28 	31 	21
Tanky Longy's Team 	3-3 (21) 	142 	79 	48 	35 	52 	.692 	83 	20 	37 	13 	12
Disown Team 	9-9 (63) 	154 	65 	65 	54 	19 	.708 	67 	29 	13 	20 	28
Shrooms are great 	6-2 (38) 	142 	99 	36 	26 	55 	.693 	103 	27 	37 	14 	13
flamingos 	4-1 (25) 	108 	114 	36 	27 	40 	.721 	106 	23 	31 	28 	29
_thebiggerboi_ 	3-1 (19) 	131 	86 	47 	0 	25 	.668 	90 	25 	34 	16 	12