13
2019
The Faceless Men 	5-2 (32) 	124 	91 	45 	20 	21 	.753 	77 	31 	19 	19 	0
CostaWhyte 	2-4 (16) 	116 	90 	51 	63 	29 	.670 	77 	21 	25 	16 	0
Trunk 	6-7 (43) 	118 	89 	57 	54 	35 	.696 	66 	14 	21 	4 	0
The Dow Jones 	15-6 (96) 	105 	75 	53 	0 	32 	.717 	68 	12 	6 	17 	0
_thebiggerboi_ 	2-2 (14) 	77 	74 	39 	25 	33 	.788 	63 	25 	18 	22 	0
The Spreadsheet 	1-2 (8) 	100 	114 	29 	0 	39 	.771 	78 	18 	33 	6 	0
Disown Team 	9-6 (60) 	102 	68 	48 	13 	21 	.747 	51 	10 	13 	6 	0
Shrooms are great 	2-1 (13) 	98 	72 	35 	0 	34 	.712 	60 	21 	22 	11 	0
Bayside City Council 	11-6 (72) 	112 	73 	45 	83 	16 	.751 	84 	14 	30 	15 	0
PASSWORD IS BAYSIDE 	10-6 (66) 	137 	83 	55 	3 	42 	.682 	86 	23 	28 	12 	0
Andrew cant cook 	5-6 (36) 	132 	62 	40 	21 	27 	.696 	56 	17 	17 	11 	0
flamingos 	7-9 (51) 	116 	95 	46 	40 	40 	.701 	92 	15 	42 	12 	0
Mushroom Alfredo 	5-4 (34) 	124 	103 	46 	0 	36 	.789 	100 	16 	38 	14 	0
Ardern's Army 	7-4 (46) 	141 	82 	54 	41 	33 	.735 	84 	23 	32 	12 	0
Stand By Crouch 	4-3 (27) 	118 	78 	50 	38 	30 	.668 	79 	23 	29 	11 	0
Derry Boys 	7-6 (48) 	90 	77 	43 	3 	23 	.772 	49 	17 	9 	2 	0
Green Heinekens 	7-3 (45) 	123 	84 	54 	54 	38 	.749 	79 	21 	25 	28 	0
Tanky Longy's Team 	8-2 (50) 	101 	66 	49 	19 	38 	.737 	65 	14 	14 	25 	0