22
2019
Two time 	9-3 (57) 	129 	101 	42 	9 	32 	.665 	104 	16 	32 	6 	8
Ardern's Army 	6-4 (40) 	133 	121 	51 	28 	37 	.736 	125 	21 	42 	13 	33
Stand By Crouch 	13-11 (89) 	138 	83 	48 	60 	33 	.647 	91 	17 	20 	12 	21
Trunk 	4-3 (27) 	136 	90 	42 	16 	38 	.699 	91 	27 	28 	16 	18
Mushroom Alfredo 	9-5 (59) 	135 	114 	52 	29 	46 	.727 	104 	11 	41 	14 	30
PASSWORD IS BAYSIDE 	4-5 (29) 	123 	101 	50 	31 	48 	.643 	96 	16 	33 	20 	11
Disown Team 	6-8 (44) 	130 	81 	55 	42 	18 	.744 	57 	31 	11 	13 	18
The Spreadsheet 	6-5 (41) 	152 	118 	38 	23 	41 	.667 	129 	32 	54 	14 	23
Green Heinekens 	8-6 (54) 	153 	115 	47 	8 	33 	.724 	95 	28 	40 	16 	20
Bayside City Council 	9-7 (61) 	126 	80 	44 	28 	50 	.733 	88 	21 	26 	29 	21
Tanky Longy's Team 	5-8 (38) 	128 	101 	40 	21 	40 	.651 	104 	29 	35 	22 	14
Shrooms are great 	3-1 (19) 	142 	103 	48 	41 	42 	.698 	95 	25 	36 	13 	27