12
2019
The Faceless Men 	5-2 (32) 	93 	55 	42 	37 	36 	.723 	59 	13 	11 	16 	0
CostaWhyte 	7-3 (45) 	125 	84 	51 	79 	40 	.775 	77 	21 	27 	27 	0
Trunk 	3-5 (23) 	144 	81 	61 	29 	32 	.676 	81 	20 	33 	19 	0
The Dow Jones 	5-3 (33) 	79 	40 	34 	0 	19 	.697 	46 	11 	1 	16 	0
_thebiggerboi_ 	2-6 (18) 	138 	93 	58 	0 	38 	.732 	73 	25 	19 	9 	0
The Spreadsheet 	4-2 (26) 	137 	122 	48 	8 	37 	.726 	93 	31 	37 	24 	0
Disown Team 	8-4 (52) 	120 	64 	49 	43 	14 	.685 	65 	23 	19 	19 	0
Shrooms are great 	5-4 (34) 	137 	58 	50 	19 	27 	.708 	69 	38 	16 	15 	0
Bayside City Council 	3-4 (22) 	66 	57 	34 	34 	24 	.675 	57 	12 	9 	19 	0
PASSWORD IS BAYSIDE 	3-3 (21) 	98 	78 	45 	22 	24 	.739 	63 	13 	21 	9 	0
Andrew cant cook 	5-2 (32) 	117 	93 	48 	0 	20 	.686 	80 	19 	25 	6 	0
flamingos 	6-5 (41) 	111 	76 	54 	0 	32 	.765 	82 	27 	30 	20 	0
Mushroom Alfredo 	7-5 (47) 	63 	40 	23 	0 	13 	.660 	39 	4 	9 	1 	0
Ardern's Army 	9-1 (55) 	140 	89 	63 	26 	38 	.747 	90 	22 	21 	9 	0
Stand By Crouch 	8-6 (54) 	119 	90 	40 	48 	31 	.660 	101 	17 	33 	19 	0
Derry Boys 	7-4 (46) 	122 	64 	48 	33 	16 	.699 	71 	26 	8 	12 	0
Green Heinekens 	5-6 (36) 	138 	79 	42 	20 	33 	.705 	97 	23 	38 	23 	0
Tanky Longy's Team 	5-5 (35) 	110 	71 	60 	38 	25 	.691 	68 	24 	15 	22 	0