6
2019
Green Heinekens 	9-4 (58) 	136 	87 	53 	21 	35 	.650 	89 	17 	26 	33 	11
Bayside City Council 	6-7 (43) 	139 	100 	57 	30 	39 	.665 	108 	22 	36 	21 	30
TOOMUCHDOG 	10-8 (68) 	162 	85 	69 	50 	28 	.721 	80 	31 	23 	17 	25
The Bev Temples 	6-4 (40) 	150 	121 	61 	25 	38 	.723 	100 	24 	23 	4 	15
Mushroom Alfredo 	9-8 (62) 	132 	112 	51 	31 	40 	.664 	114 	10 	30 	8 	16
_thebiggerboi_ 	2-7 (19) 	143 	97 	55 	41 	40 	.733 	83 	19 	36 	16 	21
Stand By Crouch 	6-4 (40) 	144 	81 	56 	43 	42 	.627 	94 	31 	27 	30 	8
The Dow Jones 	7-7 (49) 	152 	95 	69 	0 	44 	.789 	95 	29 	22 	17 	33
Costa's Shroom Caps 	9-6 (60) 	141 	101 	76 	55 	39 	.736 	111 	23 	30 	17 	31
The Faceless Men 	4-4 (28) 	123 	101 	48 	44 	33 	.723 	86 	23 	26 	17 	0
Derry Boys 	4-1 (25) 	144 	103 	44 	28 	29 	.745 	87 	32 	25 	22 	13
CostaWhyte 	7-6 (48) 	137 	103 	46 	53 	35 	.663 	104 	19 	30 	12 	22
Trunk 	10-5 (65) 	117 	110 	42 	40 	32 	.709 	99 	25 	25 	12 	17
Ardern's Army 	5-10 (40) 	144 	113 	59 	33 	49 	.704 	86 	24 	29 	14 	24
flamingos 	8-6 (54) 	117 	106 	45 	0 	43 	.695 	99 	26 	39 	17 	8
The Spreadsheet 	2-3 (15) 	161 	125 	63 	32 	48 	.734 	104 	32 	40 	25 	33
Shrooms are great 	6-3 (39) 	151 	106 	58 	26 	42 	.778 	91 	31 	36 	19 	27
PASSWORD IS BAYSIDE 	10-4 (64) 	144 	97 	47 	27 	38 	.651 	87 	17 	29 	19 	11