4
2019
Stand By Crouch 	12-8 (80) 	138 	75 	64 	50 	32 	.714 	75 	21 	14 	14 	17
The Bev Temples 	4-6 (30) 	140 	120 	65 	22 	32 	.692 	95 	27 	33 	11 	20
Shrooms are great 	6-1 (37) 	130 	93 	64 	29 	43 	.803 	71 	22 	28 	19 	18
CostaWhyte 	7-5 (47) 	140 	89 	68 	41 	36 	.721 	86 	20 	24 	17 	23
PASSWORD IS BAYSIDE 	2-4 (16) 	148 	106 	45 	18 	47 	.689 	102 	32 	42 	13 	20
The Faceless Men 	7-3 (45) 	134 	81 	57 	60 	45 	.712 	99 	17 	28 	13 	18
flamingos 	12-7 (79) 	152 	101 	60 	28 	32 	.688 	113 	25 	31 	24 	24
The Dow Jones 	4-4 (28) 	152 	99 	84 	0 	33 	.757 	81 	20 	17 	23 	11
_thebiggerboi_ 	4-2 (26) 	122 	102 	52 	40 	40 	.750 	84 	23 	24 	19 	10
Ardern's Army 	8-7 (55) 	152 	129 	67 	24 	32 	.790 	107 	28 	37 	14 	31
Derry Boys 	5-7 (37) 	153 	88 	84 	11 	25 	.722 	72 	32 	17 	18 	20
TOOMUCHDOG 	7-6 (48) 	161 	67 	61 	57 	16 	.719 	74 	34 	18 	14 	21
Costa's Shroom Caps 	6-9 (45) 	136 	74 	66 	37 	38 	.724 	71 	22 	16 	28 	14
Bayside City Council 	5-3 (33) 	149 	117 	68 	6 	42 	.756 	104 	35 	33 	24 	27
Trunk 	6-4 (40) 	145 	78 	62 	20 	30 	.812 	81 	26 	21 	14 	22
The Spreadsheet 	4-3 (27) 	139 	100 	54 	21 	41 	.703 	92 	21 	27 	18 	19
Green Heinekens 	10-10 (70) 	154 	87 	64 	22 	26 	.734 	94 	19 	27 	16 	19
Mushroom Alfredo 	6-6 (42) 	154 	116 	49 	23 	41 	.696 	111 	17 	36 	15 	16