9
2019
Green Heinekens 	3-8 (26) 	126 	110 	57 	38 	42 	.725 	90 	19 	23 	35 	11
The Dow Jones 	7-6 (48) 	159 	110 	56 	0 	49 	.729 	94 	26 	21 	12 	24
Stand By Crouch 	7-7 (49) 	156 	87 	56 	34 	40 	.728 	98 	17 	40 	11 	26
PASSWORD IS BAYSIDE 	7-5 (47) 	135 	94 	58 	24 	46 	.716 	77 	29 	25 	9 	15
Yablett 	15-9 (99) 	150 	94 	75 	29 	37 	.762 	77 	20 	28 	28 	31
flamingos 	7-5 (47) 	146 	124 	51 	24 	33 	.759 	102 	37 	31 	27 	10
Derry Boys 	7-6 (48) 	122 	99 	64 	41 	26 	.783 	77 	29 	22 	25 	22
Ardern's Army 	5-1 (31) 	149 	119 	57 	39 	38 	.757 	117 	26 	44 	8 	19
_thebiggerboi_ 	5-4 (34) 	122 	93 	40 	6 	41 	.726 	89 	27 	25 	9 	8
The Faceless Men 	5-6 (36) 	149 	102 	59 	50 	40 	.693 	95 	21 	26 	15 	33
Disown Team 	15-5 (95) 	138 	68 	63 	62 	23 	.772 	81 	22 	17 	11 	25
CostaWhyte 	7-4 (46) 	131 	99 	60 	32 	42 	.722 	97 	13 	36 	20 	16
Trunk 	8-7 (55) 	165 	97 	62 	37 	30 	.679 	106 	29 	38 	22 	28
Bayside City Council 	6-7 (43) 	149 	106 	61 	33 	48 	.698 	99 	26 	32 	20 	13
BunkoutWithBurnout! 	9-4 (58) 	101 	102 	38 	23 	44 	.739 	94 	12 	27 	10 	27
The Spreadsheet 	4-3 (27) 	132 	99 	42 	7 	43 	.697 	83 	33 	18 	15 	14
Mushroom Alfredo 	9-5 (59) 	141 	112 	37 	33 	25 	.668 	120 	15 	43 	14 	20
Shrooms are great 	5-6 (36) 	135 	120 	66 	23 	33 	.725 	76 	24 	15 	24 	21