7
2019
Green Heinekens 	6-6 (42) 	132 	97 	51 	35 	35 	.681 	92 	15 	30 	23 	18
Swimming... And Tits 	5-6 (36) 	135 	97 	66 	48 	25 	.716 	75 	26 	20 	12 	17
Bayside City Council 	5-4 (34) 	125 	95 	69 	27 	22 	.691 	75 	23 	24 	15 	8
_thebiggerboi_ 	6-5 (41) 	154 	101 	54 	26 	44 	.702 	96 	20 	34 	21 	33
BunkoutWithBurnout! 	5-7 (37) 	146 	98 	51 	14 	32 	.701 	92 	30 	32 	12 	5
The Dow Jones 	10-6 (66) 	150 	111 	64 	0 	35 	.759 	99 	17 	21 	18 	36
Mushroom Alfredo 	12-9 (81) 	139 	127 	60 	30 	39 	.767 	111 	16 	36 	13 	37
The Faceless Men 	8-5 (53) 	116 	92 	32 	39 	36 	.663 	103 	18 	34 	10 	4
Stand By Crouch 	9-8 (62) 	135 	99 	44 	62 	36 	.679 	101 	22 	24 	14 	23
CostaWhyte 	5-9 (39) 	105 	70 	52 	65 	47 	.691 	76 	12 	25 	22 	18
Yablett 	16-4 (100) 	133 	77 	65 	41 	32 	.762 	69 	26 	19 	25 	19
Trunk 	9-7 (61) 	137 	110 	52 	44 	37 	.729 	103 	20 	31 	14 	22
Derry Boys 	7-3 (45) 	118 	102 	40 	25 	36 	.741 	83 	28 	18 	19 	40
The Spreadsheet 	3-1 (19) 	114 	99 	33 	0 	34 	.690 	82 	22 	29 	11 	1
Shrooms are great 	7-7 (49) 	158 	117 	61 	34 	47 	.720 	103 	28 	33 	16 	30
Ardern's Army 	3-4 (22) 	124 	129 	55 	34 	32 	.704 	92 	31 	35 	11 	8
flamingos 	5-2 (32) 	125 	111 	34 	27 	33 	.716 	100 	30 	42 	21 	19
PASSWORD IS BAYSIDE 	7-4 (46) 	148 	97 	48 	26 	44 	.633 	95 	23 	28 	18 	22