1
2019
Stand By Crouch 	10-4 (64) 	139 	78 	55 	16 	37 	.673 	79 	36 	26 	43 	23
Shrooms are great 	3-5 (23) 	128 	108 	48 	18 	44 	.725 	80 	24 	21 	13 	18
Costa's Shroom Caps 	6-4 (40) 	124 	71 	44 	35 	34 	.718 	71 	21 	22 	10 	6
PASSWORD IS BAYSIDE 	9-11 (65) 	171 	83 	47 	34 	45 	.677 	97 	35 	32 	15 	35
Green Heinekens 	4-8 (32) 	138 	102 	48 	16 	31 	.725 	103 	25 	35 	12 	1
Ardern's Army 	8-6 (54) 	141 	121 	49 	34 	40 	.725 	107 	22 	40 	17 	40
Derry Boys 	7-5 (47) 	133 	90 	49 	45 	29 	.717 	80 	24 	17 	14 	21
flamingos 	7-3 (45) 	127 	101 	45 	16 	34 	.750 	100 	34 	26 	24 	20
Mushroom Alfredo 	8-9 (57) 	162 	106 	52 	6 	41 	.716 	112 	22 	43 	14 	25
The Spreadsheet 	3-5 (23) 	134 	125 	45 	20 	42 	.703 	113 	28 	32 	12 	16
The Bev Temples 	4-2 (26) 	135 	107 	39 	16 	39 	.756 	110 	29 	27 	12 	17
Trunk 	3-7 (25) 	150 	116 	54 	32 	37 	.703 	108 	37 	35 	20 	24
Bayside City Council 	6-3 (39) 	120 	109 	40 	25 	45 	.690 	91 	26 	26 	24 	16
CostaWhyte 	8-3 (51) 	120 	94 	50 	36 	33 	.706 	80 	30 	17 	17 	19
TOOMUCHDOG 	4-7 (31) 	160 	79 	64 	21 	28 	.686 	75 	45 	12 	24 	14
The Faceless Men 	6-9 (45) 	126 	87 	41 	41 	34 	.718 	94 	28 	31 	9 	27
_thebiggerboi_ 	5-5 (35) 	133 	102 	54 	23 	25 	.745 	84 	20 	30 	21 	16
The Dow Jones 	16-3 (99) 	142 	66 	63 	0 	35 	.692 	86 	21 	15 	15 	25