9
2018
General Soreness 	8-6 (54) 	125 	95 	32 	29 	34 	.650 	100 	24 	30 	28 	16
Sam 'Bags' Murray FC 	7-1 (43) 	125 	128 	57 	28 	36 	.719 	82 	26 	23 	14 	17
Fantasia's Package 	8-2 (50) 	100 	66 	39 	42 	48 	.717 	66 	24 	16 	11 	6
Mutley Mob 	11-7 (73) 	128 	99 	54 	30 	50 	.700 	113 	22 	36 	23 	33
Septal Perforation 	2-4 (16) 	140 	89 	42 	28 	34 	.642 	96 	28 	28 	12 	7
Wakanda Forever 	17-7 (109) 	132 	107 	60 	44 	34 	.720 	106 	22 	34 	16 	28
Tim Kelly 	0-0 (0) 	4 	4 	3 	0 	2 	.625 	7 	1 	1 	8 	0
The Faceless Men 	6-9 (45) 	106 	92 	38 	29 	35 	.687 	90 	15 	26 	19 	39
Yarra City Council 	4-3 (27) 	125 	86 	51 	2 	24 	.758 	79 	35 	23 	16 	19
5M0K3 DZA 420 w33d 	7-4 (46) 	128 	83 	41 	42 	39 	.645 	63 	19 	21 	10 	20
PASSWORD IS BAYSIDE 	5-2 (32) 	113 	98 	44 	15 	33 	.664 	103 	20 	32 	17 	22
Shrooms are great 	3-5 (23) 	123 	97 	38 	46 	57 	.618 	94 	20 	28 	20 	16
The Big Boi 	3-4 (22) 	133 	98 	42 	0 	53 	.697 	91 	17 	30 	14 	17
flamingos 	9-2 (56) 	125 	97 	54 	27 	51 	.707 	105 	21 	25 	18 	22
Bayside City Council 	3-5 (23) 	111 	93 	48 	48 	31 	.696 	80 	25 	24 	18 	3
BaysideSlayer_92 	12-3 (75) 	145 	118 	51 	23 	34 	.730 	100 	30 	26 	21 	36
CostaWhyte 	10-4 (64) 	121 	71 	59 	58 	15 	.776 	55 	25 	3 	23 	16
The Dow Jones 	10-7 (67) 	119 	108 	42 	24 	40 	.665 	112 	19 	36 	26 	23