17
2018
General Soreness 	13-2 (80) 	134 	105 	44 	43 	28 	.724 	97 	19 	31 	16 	19
Mutley Mob 	11-10 (76) 	115 	114 	46 	33 	47 	.686 	115 	15 	41 	22 	20
Fantasia's Package 	7-3 (45) 	122 	106 	47 	19 	36 	.702 	83 	25 	18 	11 	33
The Faceless Men 	2-7 (19) 	101 	94 	35 	2 	17 	.697 	87 	12 	28 	28 	6
Wakanda Forever 	15-7 (97) 	136 	87 	59 	30 	28 	.713 	73 	19 	13 	16 	26
5M0K3 DZA 420 w33d 	9-3 (57) 	106 	100 	41 	30 	27 	.777 	72 	20 	20 	12 	10
PASSWORD IS BAYSIDE 	6-4 (40) 	143 	111 	57 	0 	32 	.673 	107 	29 	29 	24 	21
Septal Perforation 	7-6 (48) 	134 	90 	45 	33 	41 	.679 	90 	32 	32 	15 	18
The Big Boi 	7-2 (44) 	134 	69 	59 	4 	31 	.685 	74 	28 	28 	9 	10
Tim Kelly 	10-4 (64) 	139 	93 	50 	25 	28 	.698 	90 	14 	22 	9 	26
Bayside City Council 	7-10 (52) 	159 	94 	63 	45 	40 	.676 	100 	36 	29 	15 	31
Yarra City Council 	4-0 (24) 	117 	98 	36 	0 	28 	.772 	73 	25 	21 	11 	8
CostaWhyte 	7-6 (48) 	113 	81 	54 	29 	33 	.686 	67 	21 	17 	30 	22
Sam 'Bags' Murray FC 	4-2 (26) 	116 	120 	34 	17 	25 	.729 	71 	21 	14 	7 	16
The Dow Jones 	11-4 (70) 	126 	113 	53 	43 	35 	.753 	99 	21 	28 	21 	20
Shrooms are great 	5-3 (33) 	138 	118 	46 	60 	31 	.656 	89 	34 	24 	23 	19
BaysideSlayer_92 	5-3 (33) 	128 	112 	37 	0 	43 	.729 	96 	17 	31 	8 	15
flamingos 	10-7 (67) 	135 	94 	61 	10 	36 	.699 	89 	21 	25 	20 	24