2
2018
General Soreness 	7-6 (48) 	153 	83 	46 	0 	30 	.720 	75 	28 	26 	19 	23
Shrooms are great 	3-3 (21) 	125 	81 	54 	53 	46 	.709 	89 	18 	25 	19 	13
Fantasia's Package 	4-2 (26) 	113 	84 	36 	2 	51 	.741 	74 	21 	17 	10 	12
CostaWhyte 	10-7 (67) 	140 	66 	59 	57 	27 	.694 	81 	23 	19 	25 	27
Bayside City Council 	14-4 (88) 	121 	99 	40 	48 	37 	.686 	117 	15 	36 	6 	20
The Dow Jones 	6-5 (41) 	134 	81 	44 	49 	26 	.702 	101 	25 	29 	19 	19
The Big Boi 	4-1 (25) 	128 	91 	50 	7 	51 	.758 	81 	20 	31 	16 	23
BaysideSlayer_92 	8-6 (54) 	125 	80 	48 	22 	37 	.702 	82 	20 	24 	29 	15
PASSWORD IS BAYSIDE 	6-5 (41) 	125 	103 	42 	20 	40 	.689 	97 	25 	26 	17 	19
flamingos 	16-8 (104) 	133 	71 	56 	8 	31 	.735 	68 	26 	15 	16 	20
Sam 'Bags' Murray FC 	11-7 (73) 	114 	104 	42 	25 	42 	.716 	105 	19 	29 	13 	19
5M0K3 DZA 420 w33d 	7-3 (45) 	114 	90 	54 	46 	46 	.725 	71 	15 	29 	10 	13
Yarra City Council 	11-4 (70) 	108 	79 	38 	4 	25 	.711 	93 	15 	22 	25 	20
The Faceless Men 	3-4 (22) 	87 	99 	35 	45 	38 	.790 	86 	12 	32 	30 	19
Tim Kelly 	12-6 (78) 	117 	78 	55 	39 	34 	.769 	80 	16 	28 	21 	26
Wakanda Forever 	2-2 (14) 	129 	76 	49 	55 	29 	.698 	89 	23 	29 	20 	13
Septal Perforation 	6-6 (42) 	133 	102 	51 	35 	45 	.711 	81 	23 	23 	21 	29
Mutley Mob 	12-6 (78) 	129 	98 	38 	34 	36 	.696 	107 	22 	37 	18 	10