6
2018
General Soreness 	5-7 (37) 	126 	106 	59 	51 	40 	.720 	78 	19 	28 	17 	28
BaysideSlayer_92 	7-6 (48) 	92 	92 	32 	7 	43 	.679 	68 	13 	21 	12 	11
Fantasia's Package 	3-7 (25) 	146 	110 	60 	18 	25 	.750 	94 	30 	18 	24 	18
Bayside City Council 	7-9 (51) 	121 	123 	55 	42 	57 	.701 	86 	27 	23 	13 	21
The Big Boi 	8-3 (51) 	120 	97 	32 	15 	48 	.696 	78 	19 	32 	12 	19
CostaWhyte 	10-6 (66) 	112 	87 	58 	39 	26 	.759 	75 	27 	9 	12 	17
PASSWORD IS BAYSIDE 	1-6 (12) 	128 	117 	50 	23 	43 	.747 	89 	20 	30 	16 	16
The Dow Jones 	8-10 (58) 	135 	97 	59 	31 	37 	.711 	91 	21 	24 	15 	23
flamingos 	4-8 (32) 	132 	95 	59 	11 	41 	.705 	82 	25 	15 	21 	27
5M0K3 DZA 420 w33d 	7-9 (51) 	98 	90 	46 	33 	29 	.723 	62 	11 	10 	12 	12
The Faceless Men 	8-4 (52) 	108 	110 	53 	25 	28 	.784 	93 	15 	21 	24 	7
Shrooms are great 	8-4 (52) 	142 	123 	63 	45 	51 	.758 	88 	17 	28 	13 	25
Sam 'Bags' Murray FC 	0-3 (3) 	128 	129 	61 	20 	24 	.716 	90 	21 	34 	13 	20
Wakanda Forever 	4-5 (29) 	113 	97 	43 	31 	35 	.710 	90 	12 	29 	18 	17
Yarra City Council 	5-4 (34) 	127 	105 	55 	11 	35 	.711 	95 	24 	37 	13 	18
Mutley Mob 	12-7 (79) 	112 	95 	34 	32 	42 	.720 	101 	21 	31 	18 	21
Septal Perforation 	4-4 (28) 	135 	112 	60 	38 	35 	.749 	79 	23 	27 	15 	29
Tim Kelly 	9-3 (57) 	121 	87 	53 	39 	24 	.740 	72 	18 	18 	12 	10