5
2018
General Soreness 	3-4 (22) 	129 	74 	54 	25 	28 	.695 	75 	25 	21 	18 	6
The Dow Jones 	4-3 (27) 	129 	83 	60 	7 	28 	.675 	80 	14 	24 	21 	23
Fantasia's Package 	5-7 (37) 	129 	99 	60 	21 	24 	.693 	76 	29 	17 	28 	27
Tim Kelly 	18-9 (117) 	125 	91 	52 	32 	11 	.736 	68 	16 	10 	22 	12
Septal Perforation 	4-4 (28) 	143 	105 	68 	30 	52 	.770 	79 	27 	27 	22 	30
Yarra City Council 	6-10 (46) 	122 	81 	55 	5 	33 	.685 	80 	17 	26 	18 	9
Sam 'Bags' Murray FC 	9-4 (58) 	130 	124 	39 	23 	44 	.728 	109 	19 	38 	18 	34
Mutley Mob 	8-5 (53) 	101 	75 	38 	26 	42 	.750 	75 	12 	26 	14 	5
Wakanda Forever 	5-4 (34) 	122 	69 	46 	28 	42 	.681 	66 	21 	17 	17 	17
Shrooms are great 	3-5 (23) 	108 	109 	46 	57 	45 	.700 	86 	17 	28 	7 	18
flamingos 	4-5 (29) 	131 	74 	61 	10 	27 	.737 	81 	33 	20 	23 	13
The Faceless Men 	5-6 (36) 	125 	88 	47 	45 	34 	.700 	89 	24 	25 	28 	26
BaysideSlayer_92 	10-14 (74) 	106 	85 	52 	3 	39 	.665 	84 	9 	24 	10 	17
5M0K3 DZA 420 w33d 	7-9 (51) 	132 	89 	51 	32 	30 	.715 	81 	22 	25 	13 	22
PASSWORD IS BAYSIDE 	6-5 (41) 	130 	94 	46 	37 	31 	.701 	89 	25 	22 	17 	30
CostaWhyte 	2-1 (13) 	117 	66 	51 	92 	19 	.754 	60 	20 	13 	14 	9
The Big Boi 	2-7 (19) 	126 	97 	41 	13 	45 	.677 	97 	22 	30 	11 	4
Bayside City Council 	8-11 (59) 	126 	107 	52 	56 	49 	.721 	92 	16 	28 	18 	29