8
2018
General Soreness 	13-4 (82) 	136 	86 	48 	31 	33 	.694 	99 	30 	23 	26 	11
PASSWORD IS BAYSIDE 	5-6 (36) 	150 	120 	57 	35 	40 	.748 	100 	29 	32 	13 	28
Fantasia's Package 	7-4 (46) 	98 	81 	37 	39 	37 	.715 	78 	10 	25 	14 	14
Sam 'Bags' Murray FC 	4-7 (31) 	134 	119 	46 	30 	29 	.727 	94 	27 	33 	23 	25
Yarra City Council 	4-2 (26) 	120 	91 	45 	8 	38 	.697 	78 	16 	22 	15 	20
Shrooms are great 	2-6 (18) 	118 	111 	43 	38 	48 	.681 	92 	19 	19 	16 	19
flamingos 	5-3 (33) 	132 	101 	54 	23 	37 	.708 	94 	20 	30 	19 	29
Tim Kelly 	14-9 (93) 	129 	84 	45 	41 	32 	.695 	86 	16 	21 	13 	10
Septal Perforation 	11-2 (68) 	142 	110 	60 	49 	37 	.774 	88 	31 	22 	15 	22
BaysideSlayer_92 	11-4 (70) 	137 	94 	38 	17 	47 	.736 	102 	20 	48 	19 	17
The Dow Jones 	6-3 (39) 	139 	74 	55 	33 	40 	.657 	81 	23 	28 	17 	17
Mutley Mob 	13-5 (83) 	131 	91 	54 	3 	43 	.694 	98 	23 	27 	14 	21
CostaWhyte 	6-2 (38) 	97 	77 	45 	52 	24 	.764 	69 	22 	16 	25 	16
Wakanda Forever 	3-5 (23) 	122 	86 	45 	29 	59 	.644 	96 	20 	29 	14 	19
Bayside City Council 	8-7 (55) 	138 	114 	50 	41 	37 	.710 	91 	13 	30 	11 	28
The Faceless Men 	5-10 (40) 	128 	112 	50 	37 	32 	.692 	100 	24 	35 	14 	7
The Big Boi 	6-3 (39) 	96 	112 	39 	8 	48 	.697 	104 	21 	29 	6 	18
5M0K3 DZA 420 w33d 	7-3 (45) 	109 	72 	38 	42 	31 	.713 	65 	15 	10 	19 	21