19
2018
General Soreness 	11-6 (72) 	138 	81 	45 	35 	42 	.671 	89 	10 	33 	19 	20
5M0K3 DZA 420 w33d 	4-3 (27) 	103 	124 	37 	48 	53 	.722 	87 	13 	30 	19 	16
Fantasia's Package 	2-7 (19) 	104 	76 	45 	34 	39 	.700 	71 	14 	15 	28 	9
Shrooms are great 	5-1 (31) 	123 	113 	43 	55 	57 	.682 	95 	21 	32 	18 	30
Sam 'Bags' Murray FC 	1-4 (10) 	126 	92 	45 	34 	43 	.743 	81 	29 	25 	12 	20
flamingos 	5-4 (34) 	113 	118 	44 	13 	32 	.727 	103 	19 	31 	29 	19
BaysideSlayer_92 	4-5 (29) 	119 	109 	32 	11 	44 	.636 	115 	12 	46 	6 	22
Yarra City Council 	8-7 (55) 	110 	90 	40 	2 	43 	.705 	83 	18 	19 	7 	17
Tim Kelly 	5-4 (34) 	124 	87 	57 	42 	30 	.701 	81 	21 	19 	23 	12
The Dow Jones 	7-4 (46) 	133 	91 	37 	29 	30 	.665 	93 	23 	31 	19 	23
CostaWhyte 	9-5 (59) 	105 	92 	49 	51 	15 	.777 	68 	19 	30 	22 	26
Septal Perforation 	7-4 (46) 	113 	78 	34 	24 	51 	.649 	71 	19 	19 	5 	12
Bayside City Council 	3-8 (26) 	149 	91 	47 	67 	35 	.704 	94 	31 	38 	31 	20
Mutley Mob 	8-1 (49) 	119 	101 	32 	7 	46 	.664 	105 	21 	21 	22 	19
PASSWORD IS BAYSIDE 	5-5 (35) 	154 	109 	43 	19 	33 	.677 	127 	28 	51 	18 	30
The Faceless Men 	6-2 (38) 	85 	84 	33 	0 	32 	.757 	77 	12 	26 	15 	9
The Big Boi 	10-3 (63) 	162 	102 	62 	28 	36 	.731 	110 	38 	36 	15 	23
Wakanda Forever 	8-7 (55) 	133 	107 	50 	61 	52 	.692 	106 	28 	31 	15 	13