4
2018
General Soreness 	9-4 (58) 	132 	105 	36 	25 	48 	.667 	120 	21 	46 	12 	20
Bayside City Council 	7-3 (45) 	131 	118 	37 	66 	44 	.731 	101 	21 	39 	16 	18
PASSWORD IS BAYSIDE 	4-1 (25) 	119 	107 	47 	31 	28 	.681 	80 	26 	22 	22 	14
The Big Boi 	7-5 (47) 	124 	95 	50 	27 	52 	.717 	80 	19 	20 	10 	23
Fantasia's Package 	4-5 (29) 	124 	91 	49 	19 	28 	.721 	81 	23 	18 	23 	32
Yarra City Council 	13-6 (84) 	111 	66 	45 	11 	16 	.695 	72 	18 	14 	22 	7
Sam 'Bags' Murray FC 	7-5 (47) 	128 	97 	40 	13 	34 	.689 	87 	31 	30 	11 	11
Tim Kelly 	13-6 (84) 	136 	93 	51 	36 	37 	.712 	93 	19 	24 	10 	28
Septal Perforation 	4-3 (27) 	108 	126 	43 	20 	33 	.714 	99 	27 	37 	12 	22
Shrooms are great 	4-2 (26) 	118 	87 	52 	36 	34 	.702 	67 	17 	18 	9 	17
flamingos 	4-4 (28) 	137 	76 	51 	14 	30 	.695 	82 	16 	21 	16 	11
Mutley Mob 	9-3 (57) 	126 	85 	48 	33 	36 	.711 	96 	12 	31 	16 	25
BaysideSlayer_92 	8-6 (54) 	95 	95 	31 	0 	35 	.642 	101 	14 	19 	13 	16
Wakanda Forever 	5-2 (32) 	121 	69 	52 	17 	37 	.742 	84 	13 	28 	18 	23
The Dow Jones 	3-6 (24) 	106 	81 	37 	23 	18 	.722 	71 	17 	26 	14 	9
The Faceless Men 	4-3 (27) 	105 	125 	47 	48 	37 	.687 	88 	22 	20 	22 	30
CostaWhyte 	12-8 (80) 	138 	64 	44 	44 	31 	.698 	63 	22 	12 	14 	26
5M0K3 DZA 420 w33d 	7-4 (46) 	136 	113 	42 	40 	45 	.675 	97 	10 	33 	12 	13