20
2018
Septal Perforation 	10-2 (62) 	99 	72 	34 	24 	21 	.684 	62 	17 	17 	16 	10
Sam 'Bags' Murray FC 	6-4 (40) 	136 	102 	52 	21 	35 	.706 	83 	26 	19 	16 	26
Bayside City Council 	8-3 (51) 	131 	104 	57 	31 	46 	.813 	97 	24 	25 	18 	17
flamingos 	14-7 (91) 	137 	96 	74 	15 	20 	.768 	82 	24 	27 	25 	21
The Big Boi 	11-10 (76) 	128 	131 	53 	17 	42 	.745 	105 	21 	28 	12 	28
Mutley Mob 	9-7 (61) 	114 	129 	44 	34 	50 	.720 	95 	18 	28 	14 	10
The Dow Jones 	6-6 (42) 	132 	61 	52 	38 	25 	.648 	67 	13 	18 	16 	0
Wakanda Forever 	9-6 (60) 	134 	117 	58 	46 	38 	.741 	116 	27 	35 	23 	39
Fantasia's Package 	2-5 (17) 	112 	75 	48 	41 	26 	.743 	76 	12 	25 	26 	9
CostaWhyte 	12-9 (81) 	116 	78 	61 	26 	26 	.716 	80 	23 	20 	13 	26
PASSWORD IS BAYSIDE 	5-0 (30) 	120 	100 	47 	24 	31 	.723 	96 	28 	28 	15 	13
Tim Kelly 	8-5 (53) 	149 	105 	73 	16 	26 	.713 	94 	23 	24 	30 	26
General Soreness 	9-7 (61) 	145 	76 	56 	50 	39 	.706 	94 	26 	28 	33 	30
Shrooms are great 	3-4 (22) 	103 	100 	42 	38 	35 	.714 	68 	27 	22 	18 	9
Yarra City Council 	8-9 (57) 	116 	100 	48 	6 	18 	.644 	91 	19 	21 	15 	21
The Faceless Men 	3-3 (21) 	119 	82 	38 	0 	52 	.706 	108 	14 	41 	29 	18