13
2018
General Soreness 	8-7 (55) 	135 	81 	48 	18 	39 	.736 	84 	23 	35 	21 	0
CostaWhyte 	10-5 (65) 	103 	63 	42 	67 	25 	.741 	79 	24 	18 	32 	0
PASSWORD IS BAYSIDE 	4-6 (30) 	96 	62 	45 	0 	25 	.772 	58 	18 	17 	7 	0
Bayside City Council 	5-5 (35) 	75 	62 	36 	0 	30 	.642 	54 	13 	22 	8 	0
Fantasia's Package 	2-2 (14) 	55 	53 	23 	41 	13 	.704 	57 	10 	15 	9 	0
The Big Boi 	3-3 (21) 	126 	93 	44 	3 	38 	.676 	80 	23 	22 	16 	0
Septal Perforation 	7-3 (45) 	115 	106 	47 	33 	35 	.742 	88 	14 	36 	31 	0
Sam 'Bags' Murray FC 	7-4 (46) 	130 	110 	54 	16 	36 	.779 	82 	34 	22 	20 	0
BaysideSlayer_92 	0-3 (3) 	64 	58 	23 	31 	24 	.598 	56 	8 	19 	6 	0
The Faceless Men 	4-5 (29) 	87 	95 	41 	31 	28 	.720 	87 	21 	28 	31 	0
Mutley Mob 	4-4 (28) 	117 	104 	40 	32 	39 	.738 	101 	21 	30 	16 	0
Shrooms are great 	8-3 (51) 	92 	71 	43 	11 	46 	.718 	67 	14 	19 	6 	0
Yarra City Council 	4-8 (32) 	88 	77 	30 	0 	27 	.673 	64 	9 	25 	6 	0
Tim Kelly 	1-1 (7) 	62 	56 	31 	57 	19 	.797 	51 	13 	14 	24 	0
flamingos 	5-8 (38) 	79 	47 	43 	2 	29 	.770 	57 	9 	5 	17 	0
Wakanda Forever 	6-3 (39) 	110 	96 	48 	45 	23 	.762 	83 	20 	18 	20 	0
The Dow Jones 	9-10 (64) 	130 	50 	49 	39 	29 	.656 	76 	17 	27 	18 	0
5M0K3 DZA 420 w33d 	3-1 (19) 	60 	34 	25 	0 	15 	.649 	34 	13 	9 	6 	0