11
2018
General Soreness 	10-6 (66) 	137 	118 	49 	38 	42 	.694 	97 	14 	35 	18 	23
Tim Kelly 	10-4 (64) 	161 	114 	84 	26 	23 	.709 	90 	24 	27 	21 	16
Fantasia's Package 	5-5 (35) 	121 	88 	44 	35 	31 	.641 	90 	24 	29 	20 	5
Wakanda Forever 	8-6 (54) 	135 	91 	52 	47 	31 	.748 	102 	17 	28 	14 	30
Mutley Mob 	8-4 (52) 	78 	88 	35 	18 	28 	.729 	82 	8 	30 	9 	0
The Faceless Men 	13-3 (81) 	120 	94 	56 	22 	30 	.785 	91 	19 	34 	24 	39
Septal Perforation 	6-0 (36) 	123 	109 	62 	30 	30 	.746 	78 	25 	29 	19 	23
5M0K3 DZA 420 w33d 	6-5 (41) 	111 	96 	50 	48 	35 	.749 	75 	16 	18 	13 	16
PASSWORD IS BAYSIDE 	8-5 (53) 	124 	101 	45 	37 	28 	.733 	72 	31 	22 	20 	24
Yarra City Council 	2-1 (13) 	115 	102 	45 	14 	22 	.742 	79 	15 	23 	16 	11
The Big Boi 	8-7 (55) 	142 	94 	62 	0 	45 	.661 	69 	19 	16 	11 	28
Sam 'Bags' Murray FC 	3-6 (24) 	115 	92 	51 	20 	26 	.715 	78 	15 	18 	13 	11
Bayside City Council 	14-8 (92) 	144 	119 	57 	57 	32 	.749 	92 	24 	30 	16 	31
Shrooms are great 	6-1 (37) 	120 	85 	45 	39 	46 	.741 	62 	24 	28 	16 	4
CostaWhyte 	10-6 (66) 	113 	83 	65 	46 	20 	.796 	76 	22 	18 	24 	13
flamingos 	11-11 (77) 	117 	83 	47 	15 	28 	.720 	79 	20 	25 	17 	20
BaysideSlayer_92 	2-4 (16) 	108 	117 	53 	13 	38 	.769 	88 	13 	24 	15 	12
The Dow Jones 	7-4 (46) 	122 	86 	46 	19 	38 	.707 	92 	22 	30 	15 	20