1
2018
General Soreness 	8-4 (52) 	125 	112 	46 	26 	27 	.759 	86 	23 	28 	9 	19
Fantasia's Package 	10-4 (64) 	117 	131 	44 	16 	49 	.754 	104 	19 	33 	5 	20
PASSWORD IS BAYSIDE 	5-6 (36) 	122 	116 	48 	41 	36 	.744 	73 	21 	20 	20 	19
5M0K3 DZA 420 w33d 	10-10 (70) 	151 	74 	51 	28 	34 	.627 	92 	21 	18 	19 	19
The Big Boi 	3-4 (22) 	157 	89 	51 	12 	38 	.724 	93 	28 	39 	16 	20
The Faceless Men 	5-8 (38) 	117 	82 	40 	20 	38 	.744 	86 	11 	35 	31 	15
Bayside City Council 	11-7 (73) 	145 	115 	39 	47 	43 	.615 	110 	22 	33 	10 	23
Wakanda Forever 	10-5 (65) 	160 	95 	57 	38 	31 	.667 	108 	31 	23 	26 	16
CostaWhyte 	7-4 (46) 	127 	82 	55 	43 	20 	.780 	65 	27 	19 	14 	19
Mutley Mob 	12-6 (78) 	119 	95 	47 	35 	31 	.715 	90 	18 	27 	12 	20
Septal Perforation 	5-2 (32) 	127 	111 	41 	42 	34 	.765 	101 	21 	37 	20 	18
The Dow Jones 	11-6 (72) 	137 	97 	62 	23 	24 	.722 	82 	21 	26 	20 	17
BaysideSlayer_92 	4-3 (27) 	117 	115 	45 	24 	28 	.720 	104 	23 	29 	23 	16
Tim Kelly 	9-2 (56) 	125 	92 	54 	77 	25 	.756 	78 	17 	30 	18 	23
Yarra City Council 	8-8 (56) 	117 	82 	49 	20 	22 	.693 	87 	12 	25 	19 	6
flamingos 	12-6 (78) 	124 	86 	47 	27 	48 	.700 	86 	24 	30 	23 	33
Sam 'Bags' Murray FC 	3-7 (25) 	128 	87 	36 	33 	38 	.670 	98 	21 	29 	17 	23
Shrooms are great 	1-4 (10) 	124 	92 	44 	40 	36 	.653 	83 	15 	17 	24 	16