12
2018
General Soreness 	15-5 (95) 	108 	87 	46 	2 	45 	.708 	85 	23 	25 	17 	0
CostaWhyte 	5-3 (33) 	88 	66 	47 	91 	21 	.740 	58 	11 	14 	28 	0
PASSWORD IS BAYSIDE 	2-3 (15) 	136 	102 	57 	12 	23 	.765 	87 	33 	25 	15 	0
Bayside City Council 	4-4 (28) 	107 	109 	37 	33 	42 	.736 	94 	16 	29 	9 	0
Fantasia's Package 	5-6 (36) 	116 	93 	44 	41 	37 	.737 	77 	21 	28 	15 	0
The Big Boi 	8-4 (52) 	120 	85 	60 	0 	27 	.746 	64 	18 	11 	12 	0
Septal Perforation 	4-3 (27) 	123 	105 	56 	25 	35 	.746 	97 	27 	34 	18 	0
Sam 'Bags' Murray FC 	1-2 (8) 	92 	64 	35 	0 	25 	.763 	43 	20 	13 	9 	0
BaysideSlayer_92 	5-4 (34) 	108 	115 	36 	0 	46 	.735 	87 	16 	36 	14 	0
The Faceless Men 	11-6 (72) 	109 	99 	35 	0 	32 	.726 	90 	15 	29 	20 	0
Mutley Mob 	2-6 (18) 	96 	94 	34 	6 	45 	.721 	69 	13 	24 	21 	0
Shrooms are great 	9-8 (62) 	148 	76 	46 	46 	39 	.647 	81 	21 	18 	16 	0
Yarra City Council 	8-3 (51) 	113 	86 	51 	9 	56 	.739 	78 	32 	21 	17 	0
Tim Kelly 	4-5 (29) 	93 	69 	37 	29 	19 	.735 	64 	16 	18 	8 	0
flamingos 	8-8 (56) 	120 	57 	65 	5 	28 	.689 	75 	21 	20 	25 	0
Wakanda Forever 	6-2 (38) 	95 	94 	38 	65 	42 	.656 	95 	21 	24 	10 	0
The Dow Jones 	4-13 (37) 	119 	73 	49 	32 	32 	.646 	83 	15 	15 	27 	0
5M0K3 DZA 420 w33d 	9-4 (58) 	112 	85 	37 	38 	36 	.675 	76 	18 	16 	19 	0