14
2018
General Soreness 	10-9 (69) 	105 	89 	34 	6 	40 	.691 	87 	15 	29 	11 	31
CostaWhyte 	4-4 (28) 	51 	47 	34 	0 	17 	.796 	25 	5 	7 	11 	8
PASSWORD IS BAYSIDE 	0-1 (1) 	107 	75 	39 	21 	34 	.764 	72 	29 	21 	16 	14
Bayside City Council 	5-3 (33) 	110 	89 	32 	53 	30 	.719 	83 	15 	37 	14 	25
Fantasia's Package 	7-6 (48) 	133 	91 	75 	40 	34 	.768 	77 	21 	25 	23 	21
The Big Boi 	5-2 (32) 	77 	41 	30 	0 	29 	.712 	39 	17 	12 	10 	18
Septal Perforation 	3-5 (23) 	99 	67 	44 	33 	24 	.759 	78 	25 	19 	15 	36
Sam 'Bags' Murray FC 	3-3 (21) 	111 	72 	50 	15 	28 	.754 	57 	20 	12 	12 	3
BaysideSlayer_92 	5-3 (33) 	120 	116 	42 	22 	38 	.742 	104 	17 	35 	6 	17
The Faceless Men 	7-6 (48) 	73 	62 	39 	33 	25 	.756 	71 	8 	12 	25 	22
Mutley Mob 	7-7 (49) 	105 	73 	37 	34 	36 	.646 	94 	26 	30 	7 	18
Shrooms are great 	8-5 (53) 	129 	82 	50 	51 	30 	.687 	75 	32 	20 	17 	21
Yarra City Council 	3-1 (19) 	95 	63 	32 	6 	27 	.728 	59 	20 	17 	10 	31
Tim Kelly 	8-4 (52) 	94 	64 	41 	1 	18 	.741 	63 	14 	17 	10 	8
flamingos 	3-2 (20) 	87 	68 	46 	0 	16 	.768 	69 	20 	15 	23 	9
Wakanda Forever 	9-6 (60) 	113 	84 	50 	40 	41 	.756 	63 	22 	14 	16 	30
The Dow Jones 	4-4 (28) 	76 	47 	38 	8 	25 	.707 	44 	13 	6 	9 	30
5M0K3 DZA 420 w33d 	5-2 (32) 	95 	87 	39 	34 	22 	.780 	69 	13 	28 	12 	9