16
2018
General Soreness 	6-8 (44) 	123 	117 	45 	33 	35 	.733 	93 	10 	35 	14 	9
Wakanda Forever 	9-6 (60) 	128 	102 	61 	37 	43 	.709 	97 	27 	27 	26 	30
Fantasia's Package 	8-6 (54) 	116 	105 	46 	25 	29 	.760 	71 	16 	22 	15 	13
flamingos 	11-2 (68) 	120 	106 	61 	9 	23 	.726 	95 	23 	20 	11 	26
BaysideSlayer_92 	6-3 (39) 	134 	128 	46 	24 	46 	.752 	107 	20 	33 	19 	24
Shrooms are great 	11-3 (69) 	133 	104 	66 	46 	38 	.734 	85 	23 	31 	9 	15
Sam 'Bags' Murray FC 	4-5 (29) 	135 	123 	45 	0 	36 	.721 	90 	30 	30 	16 	14
The Dow Jones 	6-4 (40) 	135 	90 	61 	36 	37 	.693 	74 	32 	14 	14 	19
CostaWhyte 	8-7 (55) 	115 	87 	60 	74 	26 	.743 	67 	26 	7 	24 	19
Yarra City Council 	3-4 (22) 	129 	118 	49 	7 	27 	.721 	98 	27 	35 	11 	20
Bayside City Council 	11-8 (74) 	134 	116 	57 	47 	28 	.700 	100 	21 	27 	23 	27
Tim Kelly 	15-10 (100) 	131 	86 	46 	35 	28 	.677 	85 	19 	28 	10 	8
The Big Boi 	4-6 (30) 	142 	88 	55 	4 	27 	.691 	68 	24 	20 	16 	10
Septal Perforation 	2-7 (19) 	162 	112 	57 	21 	38 	.704 	98 	32 	35 	7 	29
PASSWORD IS BAYSIDE 	5-4 (34) 	114 	98 	46 	23 	27 	.722 	70 	17 	22 	23 	4
Mutley Mob 	11-5 (71) 	123 	98 	47 	41 	45 	.756 	87 	11 	30 	14 	29
The Faceless Men 	6-5 (41) 	118 	111 	41 	36 	38 	.764 	100 	24 	30 	23 	30
5M0K3 DZA 420 w33d 	4-3 (27) 	117 	108 	44 	34 	44 	.716 	84 	19 	36 	9 	9