15
2018
General Soreness 	8-6 (54) 	109 	94 	44 	12 	42 	.670 	70 	17 	20 	14 	17
Septal Perforation 	10-2 (62) 	117 	83 	38 	46 	31 	.805 	80 	28 	28 	10 	22
Fantasia's Package 	10-6 (66) 	137 	95 	50 	28 	43 	.728 	92 	19 	31 	10 	20
BaysideSlayer_92 	6-2 (38) 	114 	125 	33 	31 	57 	.690 	102 	16 	32 	23 	19
flamingos 	14-4 (88) 	114 	88 	56 	27 	22 	.772 	77 	15 	28 	21 	22
The Dow Jones 	5-5 (35) 	124 	75 	40 	49 	35 	.714 	64 	20 	24 	21 	14
CostaWhyte 	11-5 (71) 	105 	93 	54 	77 	36 	.778 	78 	20 	19 	29 	19
Shrooms are great 	7-3 (45) 	135 	103 	61 	51 	34 	.752 	89 	35 	31 	15 	20
Bayside City Council 	10-9 (69) 	157 	93 	66 	39 	37 	.732 	113 	18 	35 	18 	19
Sam 'Bags' Murray FC 	12-3 (75) 	153 	100 	61 	13 	43 	.775 	82 	28 	19 	11 	20
The Big Boi 	12-4 (76) 	125 	105 	49 	2 	40 	.730 	81 	20 	12 	16 	17
Yarra City Council 	4-2 (26) 	114 	119 	42 	6 	47 	.768 	84 	27 	33 	22 	22
PASSWORD IS BAYSIDE 	8-7 (55) 	125 	83 	43 	33 	27 	.697 	73 	19 	28 	11 	19
Tim Kelly 	7-9 (51) 	125 	81 	43 	39 	29 	.636 	81 	20 	23 	9 	10
Mutley Mob 	10-5 (65) 	129 	103 	45 	34 	34 	.737 	90 	22 	21 	17 	21
5M0K3 DZA 420 w33d 	8-3 (51) 	113 	111 	43 	49 	47 	.781 	100 	17 	33 	16 	18
Wakanda Forever 	6-3 (39) 	143 	131 	62 	26 	38 	.701 	108 	30 	29 	12 	26
The Faceless Men 	5-8 (38) 	106 	108 	40 	31 	38 	.720 	104 	13 	43 	22 	9