3
2018
General Soreness 	12-8 (80) 	117 	82 	45 	30 	28 	.734 	79 	18 	18 	13 	17
The Big Boi 	11-2 (68) 	109 	88 	45 	21 	41 	.756 	86 	17 	26 	16 	18
Fantasia's Package 	8-10 (58) 	132 	76 	57 	27 	23 	.755 	57 	25 	21 	19 	26
PASSWORD IS BAYSIDE 	6-5 (41) 	127 	93 	50 	9 	27 	.705 	89 	17 	27 	12 	13
Bayside City Council 	7-7 (49) 	139 	102 	63 	50 	30 	.730 	86 	21 	23 	15 	33
5M0K3 DZA 420 w33d 	5-3 (33) 	120 	96 	50 	32 	37 	.750 	78 	14 	22 	9 	6
CostaWhyte 	7-10 (52) 	133 	73 	74 	45 	23 	.757 	80 	22 	14 	22 	24
The Faceless Men 	6-2 (38) 	112 	103 	54 	40 	30 	.767 	90 	15 	29 	17 	15
The Dow Jones 	11-13 (79) 	155 	71 	66 	17 	29 	.681 	81 	24 	28 	10 	19
Wakanda Forever 	6-2 (38) 	150 	80 	56 	28 	40 	.739 	73 	27 	28 	16 	19
BaysideSlayer_92 	12-4 (76) 	87 	66 	35 	5 	32 	.758 	70 	15 	17 	5 	13
Mutley Mob 	9-5 (59) 	107 	89 	40 	40 	26 	.730 	79 	16 	27 	16 	26
Septal Perforation 	3-4 (22) 	127 	92 	56 	51 	44 	.749 	75 	18 	26 	7 	15
flamingos 	7-7 (49) 	147 	64 	61 	5 	31 	.716 	81 	22 	27 	17 	24
Tim Kelly 	12-3 (75) 	126 	93 	51 	46 	29 	.753 	78 	27 	19 	16 	27
Shrooms are great 	6-4 (40) 	123 	85 	57 	31 	30 	.736 	71 	24 	20 	18 	12
Yarra City Council 	5-3 (33) 	111 	82 	45 	4 	31 	.767 	90 	22 	32 	24 	6
Sam 'Bags' Murray FC 	5-9 (39) 	132 	105 	52 	16 	36 	.709 	97 	20 	37 	15 	33