7
2018
General Soreness 	8-1 (49) 	134 	91 	45 	20 	31 	.711 	76 	29 	23 	15 	13
flamingos 	11-4 (70) 	110 	107 	61 	6 	32 	.719 	87 	19 	28 	14 	26
Fantasia's Package 	2-3 (15) 	121 	126 	49 	14 	36 	.725 	88 	21 	25 	22 	3
Septal Perforation 	4-3 (27) 	142 	135 	59 	24 	43 	.769 	96 	30 	41 	11 	36
Yarra City Council 	6-9 (45) 	132 	100 	68 	23 	28 	.716 	86 	24 	29 	14 	10
Wakanda Forever 	12-7 (79) 	132 	93 	50 	58 	45 	.733 	96 	27 	29 	15 	22
5M0K3 DZA 420 w33d 	8-4 (52) 	109 	98 	45 	39 	42 	.773 	67 	16 	23 	12 	21
Shrooms are great 	0-2 (2) 	115 	98 	37 	47 	41 	.695 	83 	20 	20 	9 	12
PASSWORD IS BAYSIDE 	5-5 (35) 	120 	109 	39 	10 	37 	.703 	85 	30 	28 	18 	7
BaysideSlayer_92 	6-2 (38) 	118 	111 	42 	11 	43 	.738 	96 	20 	31 	18 	29
Sam 'Bags' Murray FC 	4-4 (28) 	140 	112 	57 	32 	26 	.706 	95 	19 	34 	7 	30
The Faceless Men 	4-2 (26) 	97 	85 	45 	28 	33 	.731 	78 	11 	25 	18 	9
The Big Boi 	8-5 (53) 	117 	103 	46 	8 	30 	.745 	85 	22 	25 	8 	25
The Dow Jones 	10-3 (63) 	115 	87 	51 	0 	29 	.738 	71 	14 	20 	16 	14
Tim Kelly 	6-6 (42) 	131 	93 	53 	35 	18 	.768 	88 	27 	28 	20 	20
Mutley Mob 	8-10 (58) 	115 	96 	52 	33 	34 	.687 	100 	11 	27 	14 	19
Bayside City Council 	6-4 (40) 	107 	106 	51 	66 	30 	.648 	92 	15 	23 	17 	13
CostaWhyte 	10-5 (65) 	110 	76 	61 	71 	28 	.742 	61 	17 	12 	22 	26