18
2018
General Soreness 	10-7 (67) 	135 	94 	41 	43 	29 	.681 	91 	24 	24 	20 	32
The Faceless Men 	9-4 (58) 	95 	78 	35 	2 	37 	.699 	83 	16 	26 	12 	7
Fantasia's Package 	4-10 (34) 	114 	82 	36 	17 	41 	.684 	75 	16 	24 	15 	20
5M0K3 DZA 420 w33d 	2-7 (19) 	96 	85 	48 	27 	34 	.729 	63 	17 	14 	16 	19
PASSWORD IS BAYSIDE 	2-4 (16) 	118 	126 	33 	46 	32 	.709 	100 	26 	36 	9 	10
Wakanda Forever 	15-7 (97) 	120 	94 	54 	56 	44 	.729 	80 	18 	28 	15 	29
The Big Boi 	6-3 (39) 	153 	101 	53 	0 	41 	.740 	87 	24 	27 	7 	7
Mutley Mob 	16-6 (102) 	114 	117 	57 	18 	49 	.771 	99 	16 	31 	11 	32
Bayside City Council 	5-3 (33) 	106 	91 	45 	38 	38 	.680 	91 	18 	34 	19 	16
Septal Perforation 	5-6 (36) 	127 	80 	39 	39 	41 	.744 	86 	26 	25 	12 	23
CostaWhyte 	12-9 (81) 	110 	95 	52 	41 	21 	.732 	77 	21 	13 	23 	19
Tim Kelly 	12-11 (83) 	118 	81 	50 	24 	25 	.698 	84 	14 	16 	16 	20
Yarra City Council 	5-5 (35) 	120 	113 	60 	5 	32 	.717 	76 	24 	26 	8 	13
The Dow Jones 	6-7 (43) 	144 	82 	61 	37 	29 	.690 	81 	26 	23 	22 	26
BaysideSlayer_92 	2-7 (19) 	113 	128 	54 	13 	36 	.697 	113 	14 	37 	9 	13
Sam 'Bags' Murray FC 	14-6 (90) 	126 	113 	53 	23 	36 	.757 	74 	20 	27 	9 	19
flamingos 	7-10 (52) 	105 	110 	53 	9 	32 	.679 	81 	13 	19 	18 	22
Shrooms are great 	4-4 (28) 	112 	96 	42 	40 	49 	.707 	71 	26 	27 	15 	17