10
2018
General Soreness 	10-8 (68) 	131 	88 	46 	39 	34 	.717 	85 	18 	32 	11 	11
Yarra City Council 	1-2 (8) 	146 	107 	55 	4 	34 	.727 	90 	42 	24 	16 	24
Fantasia's Package 	4-4 (28) 	110 	68 	34 	0 	34 	.657 	60 	14 	29 	7 	11
The Dow Jones 	8-5 (53) 	109 	71 	54 	25 	28 	.744 	66 	18 	15 	25 	28
CostaWhyte 	8-4 (52) 	134 	68 	74 	33 	33 	.767 	78 	32 	10 	25 	26
BaysideSlayer_92 	5-3 (33) 	133 	129 	48 	9 	53 	.740 	109 	20 	41 	18 	13
Bayside City Council 	11-3 (69) 	118 	114 	53 	49 	33 	.720 	91 	16 	32 	10 	23
flamingos 	5-5 (35) 	121 	94 	40 	10 	35 	.721 	78 	17 	27 	20 	16
The Big Boi 	4-2 (26) 	122 	117 	50 	4 	56 	.699 	94 	19 	25 	21 	25
Shrooms are great 	5-5 (35) 	104 	65 	43 	62 	34 	.657 	62 	19 	19 	26 	13
PASSWORD IS BAYSIDE 	4-2 (26) 	142 	97 	51 	38 	29 	.762 	91 	36 	36 	17 	9
Sam 'Bags' Murray FC 	6-2 (38) 	144 	111 	62 	19 	39 	.729 	101 	28 	36 	14 	29
Tim Kelly 	10-8 (68) 	147 	72 	57 	21 	31 	.712 	85 	14 	16 	29 	22
5M0K3 DZA 420 w33d 	8-6 (54) 	123 	103 	44 	38 	33 	.686 	96 	18 	27 	11 	17
Septal Perforation 	0-0 (0) 	118 	98 	45 	58 	37 	.769 	78 	27 	32 	21 	27
The Faceless Men 	4-4 (28) 	114 	85 	40 	22 	34 	.719 	83 	17 	26 	22 	12
Mutley Mob 	8-3 (51) 	107 	90 	46 	34 	45 	.670 	97 	14 	27 	15 	26
Wakanda Forever 	1-3 (9) 	118 	88 	30 	0 	41 	.689 	95 	23 	30 	15 	10