13
2016
Jack Fucking Watts 	5-8 (38) 	109 	99 	42 	13 	67 	.582 	97 	11 	28 	5 	0
It's A Friendly Game 	9-7 (61) 	93 	86 	39 	16 	40 	.743 	73 	17 	16 	16 	0
Farmer Steve's 	3-4 (22) 	66 	69 	18 	15 	35 	.667 	70 	12 	22 	11 	0
Top Up FC 	4-4 (28) 	102 	92 	30 	8 	29 	.691 	73 	15 	27 	11 	0
Sponge Leecher 	5-4 (34) 	89 	68 	36 	61 	53 	.701 	66 	11 	15 	13 	0
Relaunch Complete 	4-2 (26) 	76 	68 	31 	13 	17 	.743 	47 	16 	14 	5 	0
Brown Richardsons 	8-9 (57) 	69 	35 	21 	0 	23 	.654 	57 	6 	6 	14 	0
Cara Delevingne 	3-2 (20) 	112 	74 	37 	4 	31 	.763 	71 	12 	29 	8 	0
PASSWORD IS RE-CALC 	10-6 (66) 	119 	93 	46 	26 	40 	.717 	85 	24 	38 	9 	0
CapaCostaCo 	0-7 (7) 	101 	92 	42 	51 	46 	.699 	87 	14 	31 	18 	0
Chum Frenzied Sharks 	3-8 (26) 	128 	109 	41 	34 	50 	.700 	92 	31 	44 	12 	0
Allahu Akbar 	4-4 (28) 	96 	78 	53 	15 	31 	.730 	58 	19 	13 	14 	0
Milby/Staffa 2016 	6-3 (39) 	91 	81 	30 	15 	39 	.750 	69 	11 	20 	15 	0
The Board 	0-4 (4) 	62 	43 	30 	0 	32 	.743 	36 	11 	12 	8 	0
The Faceless Men 	5-3 (33) 	91 	61 	37 	14 	24 	.783 	54 	23 	9 	27 	0
5M0K3 DZA 420 w33d 	9-2 (56) 	101 	80 	32 	39 	37 	.746 	78 	16 	25 	22 	0
Elite salesmen 	11-5 (71) 	116 	64 	45 	4 	22 	.722 	69 	18 	15 	10 	0
Josh Kennedy 	12-5 (77) 	119 	73 	47 	33 	42 	.703 	80 	20 	15 	13 	0