16
2016
Jack Fucking Watts 	6-4 (40) 	135 	110 	38 	18 	43 	.669 	103 	26 	27 	14 	24
The Faceless Men 	12-5 (77) 	116 	80 	49 	0 	15 	.770 	51 	24 	9 	22 	17
Farmer Steve's 	11-1 (67) 	112 	109 	43 	16 	44 	.724 	95 	18 	30 	7 	35
It's A Friendly Game 	4-3 (27) 	97 	75 	36 	25 	29 	.721 	72 	29 	18 	14 	6
Sponge Leecher 	7-1 (43) 	126 	85 	50 	48 	34 	.815 	77 	21 	23 	14 	11
Top Up FC 	10-6 (66) 	130 	96 	38 	38 	47 	.712 	101 	21 	45 	10 	29
Brown Richardsons 	9-1 (55) 	126 	101 	48 	49 	41 	.744 	97 	16 	32 	34 	19
Relaunch Complete 	9-6 (60) 	122 	109 	45 	32 	46 	.701 	85 	18 	32 	8 	20
PASSWORD IS RE-CALC 	9-7 (61) 	133 	90 	47 	37 	29 	.722 	91 	27 	30 	12 	37
Cara Delevingne 	7-4 (46) 	93 	77 	43 	20 	43 	.706 	62 	16 	15 	11 	4
Chum Frenzied Sharks 	4-5 (29) 	119 	93 	50 	19 	43 	.693 	84 	14 	31 	13 	0
CapaCostaCo 	5-5 (35) 	136 	113 	53 	30 	43 	.731 	109 	24 	33 	14 	37
Milby/Staffa 2016 	7-4 (46) 	125 	104 	34 	10 	43 	.747 	97 	26 	33 	14 	17
Allahu Akbar 	8-6 (54) 	125 	101 	48 	25 	39 	.765 	76 	20 	21 	11 	18
The Board 	8-4 (52) 	133 	123 	49 	29 	51 	.727 	102 	21 	45 	10 	23
Josh Kennedy 	10-10 (70) 	126 	90 	62 	32 	46 	.708 	84 	16 	32 	24 	18
Elite salesmen 	2-2 (14) 	118 	105 	49 	32 	42 	.700 	85 	17 	27 	17 	21
5M0K3 DZA 420 w33d 	6-3 (39) 	97 	93 	28 	65 	47 	.721 	79 	12 	20 	18 	20