18
2016
Jack Fucking Watts 	6-7 (43) 	118 	110 	46 	18 	52 	.662 	115 	18 	32 	9 	4
5M0K3 DZA 420 w33d 	10-6 (66) 	132 	135 	47 	21 	55 	.745 	106 	19 	44 	8 	37
Farmer Steve's 	6-3 (39) 	99 	94 	38 	0 	28 	.720 	71 	20 	14 	6 	15
Elite salesmen 	4-1 (25) 	117 	107 	30 	27 	38 	.692 	108 	25 	37 	17 	26
Sponge Leecher 	10-7 (67) 	127 	97 	63 	49 	41 	.705 	83 	14 	22 	14 	30
The Faceless Men 	9-5 (59) 	133 	87 	57 	26 	21 	.759 	64 	27 	9 	23 	11
Brown Richardsons 	8-7 (55) 	115 	92 	46 	35 	45 	.705 	80 	15 	23 	29 	17
It's A Friendly Game 	12-3 (75) 	127 	91 	39 	18 	55 	.674 	85 	19 	24 	9 	24
PASSWORD IS RE-CALC 	3-12 (30) 	139 	87 	43 	16 	32 	.642 	93 	14 	33 	17 	19
Top Up FC 	3-4 (22) 	128 	114 	44 	42 	45 	.682 	95 	22 	27 	9 	22
Chum Frenzied Sharks 	3-7 (25) 	136 	121 	38 	27 	43 	.728 	108 	19 	48 	17 	20
Relaunch Complete 	5-4 (34) 	143 	111 	26 	27 	40 	.665 	112 	26 	38 	10 	18
Milby/Staffa 2016 	6-6 (42) 	123 	95 	37 	37 	54 	.748 	81 	23 	29 	16 	14
Cara Delevingne 	9-4 (58) 	142 	95 	56 	31 	35 	.726 	86 	22 	26 	14 	21
The Board 	3-1 (19) 	127 	127 	43 	35 	52 	.713 	104 	19 	40 	14 	32
CapaCostaCo 	8-7 (55) 	99 	107 	31 	29 	37 	.636 	96 	17 	31 	13 	9
Allahu Akbar 	5-3 (33) 	120 	96 	46 	37 	38 	.718 	91 	23 	24 	10 	21
Josh Kennedy 	12-5 (77) 	110 	66 	38 	55 	55 	.585 	77 	17 	27 	10 	18