3
2016
Jack Fucking Watts 	7-4 (46) 	116 	111 	36 	5 	41 	.736 	85 	15 	28 	9 	23
Brown Richardsons 	11-7 (73) 	109 	77 	48 	33 	40 	.683 	76 	14 	24 	19 	18
Farmer Steve's 	9-6 (60) 	103 	109 	43 	19 	34 	.741 	92 	18 	33 	10 	4
Sponge Leecher 	12-5 (77) 	113 	117 	61 	67 	35 	.717 	96 	26 	31 	10 	35
PASSWORD IS RE-CALC 	12-6 (78) 	86 	119 	40 	39 	47 	.780 	84 	12 	33 	12 	20
5M0K3 DZA 420 w33d 	10-9 (69) 	134 	118 	49 	38 	60 	.714 	104 	21 	38 	14 	21
Chum Frenzied Sharks 	8-0 (48) 	120 	112 	46 	26 	34 	.716 	102 	20 	33 	14 	16
Elite salesmen 	10-3 (63) 	122 	75 	40 	34 	39 	.731 	69 	23 	22 	10 	25
Milby/Staffa 2016 	6-2 (38) 	126 	108 	48 	16 	41 	.782 	79 	25 	32 	10 	20
The Faceless Men 	9-12 (66) 	164 	102 	87 	14 	24 	.737 	59 	13 	13 	21 	21
The Board 	7-6 (48) 	124 	106 	43 	23 	42 	.757 	84 	22 	24 	24 	13
It's A Friendly Game 	11-3 (69) 	124 	112 	40 	34 	38 	.742 	93 	21 	30 	23 	22
Allahu Akbar 	8-6 (54) 	120 	111 	57 	38 	34 	.758 	81 	21 	36 	15 	28
Top Up FC 	8-6 (54) 	111 	108 	32 	36 	28 	.671 	91 	15 	30 	16 	4
CapaCostaCo 	6-6 (42) 	157 	115 	49 	29 	41 	.746 	98 	27 	34 	13 	37
Relaunch Complete 	6-3 (39) 	107 	102 	44 	8 	31 	.775 	62 	14 	11 	16 	4
Cara Delevingne 	5-5 (35) 	89 	81 	36 	34 	49 	.771 	77 	16 	19 	9 	9
Josh Kennedy 	7-10 (52) 	112 	94 	51 	30 	46 	.782 	87 	17 	17 	9 	30