12
2016
Jack Fucking Watts 	6-4 (40) 	112 	113 	59 	13 	46 	.742 	87 	12 	32 	6 	8
Top Up FC 	7-8 (50) 	129 	122 	46 	41 	39 	.749 	104 	16 	33 	7 	33
Farmer Steve's 	11-7 (73) 	122 	99 	33 	18 	44 	.697 	101 	13 	39 	6 	19
Relaunch Complete 	6-3 (39) 	129 	105 	46 	22 	28 	.726 	89 	16 	31 	5 	22
Sponge Leecher 	8-3 (51) 	93 	96 	41 	32 	33 	.804 	65 	18 	20 	13 	16
Cara Delevingne 	6-3 (39) 	120 	108 	43 	20 	44 	.776 	82 	22 	27 	9 	25
Brown Richardsons 	12-4 (76) 	149 	92 	68 	35 	50 	.730 	89 	24 	35 	27 	35
CapaCostaCo 	6-1 (37) 	85 	114 	35 	30 	33 	.698 	66 	19 	22 	15 	6
PASSWORD IS RE-CALC 	9-6 (60) 	128 	99 	53 	21 	46 	.696 	100 	11 	32 	11 	23
Allahu Akbar 	6-2 (38) 	125 	107 	65 	44 	37 	.759 	77 	14 	28 	11 	16
Chum Frenzied Sharks 	10-9 (69) 	146 	140 	51 	27 	40 	.696 	110 	25 	39 	15 	36
The Board 	6-2 (38) 	123 	101 	44 	25 	33 	.746 	100 	26 	30 	15 	3
Milby/Staffa 2016 	8-4 (52) 	102 	113 	32 	29 	39 	.767 	96 	13 	31 	13 	16
Josh Kennedy 	10-10 (70) 	125 	85 	59 	34 	38 	.733 	87 	15 	24 	16 	25
It's A Friendly Game 	9-4 (58) 	116 	111 	47 	24 	42 	.744 	98 	17 	26 	12 	23
5M0K3 DZA 420 w33d 	7-4 (46) 	130 	74 	56 	40 	36 	.775 	70 	17 	21 	22 	17
The Faceless Men 	9-4 (58) 	125 	76 	59 	10 	22 	.761 	64 	23 	15 	20 	2
Elite salesmen 	15-5 (95) 	144 	106 	65 	23 	23 	.788 	93 	23 	24 	15 	38