17
2016
Jack Fucking Watts 	6-7 (43) 	105 	119 	38 	12 	58 	.746 	95 	10 	33 	10 	14
Elite salesmen 	10-8 (68) 	121 	110 	46 	26 	29 	.697 	100 	21 	28 	19 	27
Farmer Steve's 	7-4 (46) 	99 	92 	45 	17 	31 	.754 	65 	19 	20 	13 	17
The Faceless Men 	8-4 (52) 	127 	89 	66 	15 	28 	.769 	64 	25 	9 	23 	24
Sponge Leecher 	8-6 (54) 	124 	96 	52 	37 	42 	.755 	83 	26 	30 	18 	26
It's A Friendly Game 	8-7 (55) 	112 	106 	39 	29 	34 	.748 	80 	12 	26 	7 	15
Brown Richardsons 	8-8 (56) 	136 	97 	66 	32 	37 	.712 	75 	19 	21 	25 	18
Top Up FC 	6-5 (41) 	142 	119 	51 	28 	37 	.736 	96 	23 	39 	9 	19
PASSWORD IS RE-CALC 	12-4 (76) 	118 	104 	43 	18 	37 	.748 	85 	16 	23 	12 	11
Relaunch Complete 	8-4 (52) 	152 	127 	51 	45 	42 	.710 	101 	19 	40 	12 	28
Chum Frenzied Sharks 	9-7 (61) 	128 	112 	45 	22 	36 	.738 	83 	20 	24 	19 	20
Cara Delevingne 	6-5 (41) 	129 	104 	51 	24 	39 	.730 	90 	14 	30 	7 	21
Milby/Staffa 2016 	8-10 (58) 	106 	122 	45 	24 	53 	.746 	81 	21 	22 	8 	27
CapaCostaCo 	1-5 (11) 	122 	95 	41 	33 	34 	.677 	91 	25 	21 	13 	14
The Board 	5-7 (37) 	142 	119 	74 	38 	47 	.693 	102 	17 	30 	14 	29
Allahu Akbar 	6-6 (42) 	125 	87 	49 	24 	33 	.679 	70 	19 	24 	17 	12
5M0K3 DZA 420 w33d 	4-3 (27) 	137 	124 	45 	30 	45 	.728 	109 	24 	44 	14 	21
Josh Kennedy 	11-5 (71) 	91 	84 	49 	67 	35 	.731 	73 	14 	16 	23 	20