8
2016
Jack Fucking Watts 	11-2 (68) 	96 	95 	34 	24 	73 	.749 	73 	8 	34 	1 	17
Allahu Akbar 	5-5 (35) 	128 	127 	47 	40 	20 	.722 	94 	17 	29 	11 	24
Farmer Steve's 	10-7 (67) 	97 	102 	32 	35 	41 	.698 	93 	12 	20 	11 	3
The Board 	10-7 (67) 	126 	143 	44 	20 	42 	.747 	121 	22 	42 	20 	29
Sponge Leecher 	7-6 (48) 	98 	78 	45 	44 	35 	.739 	72 	16 	19 	22 	11
Milby/Staffa 2016 	9-11 (65) 	125 	116 	39 	10 	51 	.680 	94 	19 	31 	16 	30
Brown Richardsons 	7-3 (45) 	106 	86 	43 	30 	52 	.729 	86 	21 	28 	19 	17
Chum Frenzied Sharks 	9-6 (60) 	135 	84 	50 	6 	49 	.749 	70 	23 	33 	12 	24
PASSWORD IS RE-CALC 	6-5 (41) 	119 	127 	47 	19 	35 	.724 	88 	14 	31 	11 	16
Josh Kennedy 	11-3 (69) 	117 	86 	50 	43 	44 	.724 	83 	14 	22 	17 	24
CapaCostaCo 	3-4 (22) 	97 	117 	37 	51 	40 	.752 	80 	25 	27 	17 	20
5M0K3 DZA 420 w33d 	9-5 (59) 	104 	104 	47 	38 	38 	.764 	75 	18 	25 	16 	21
Cara Delevingne 	6-7 (43) 	112 	82 	40 	42 	32 	.716 	80 	12 	35 	5 	14
Elite salesmen 	4-5 (29) 	137 	126 	61 	24 	42 	.745 	101 	25 	29 	22 	27
Relaunch Complete 	9-9 (63) 	133 	94 	44 	24 	46 	.718 	106 	12 	35 	8 	23
The Faceless Men 	12-8 (80) 	130 	79 	48 	7 	23 	.737 	60 	19 	15 	18 	18
Top Up FC 	12-4 (76) 	119 	89 	45 	42 	29 	.692 	75 	23 	28 	9 	15
It's A Friendly Game 	2-6 (18) 	128 	111 	56 	38 	38 	.736 	86 	17 	24 	13 	26