5
2016
Jack Fucking Watts 	9-6 (60) 	113 	136 	37 	7 	61 	.687 	106 	22 	29 	10 	17
Chum Frenzied Sharks 	13-8 (86) 	122 	91 	42 	31 	34 	.657 	91 	13 	32 	6 	24
Farmer Steve's 	10-1 (61) 	108 	73 	42 	24 	37 	.735 	67 	29 	16 	10 	16
PASSWORD IS RE-CALC 	6-7 (43) 	112 	126 	36 	29 	58 	.739 	98 	20 	34 	8 	25
Sponge Leecher 	6-5 (41) 	104 	98 	36 	49 	39 	.762 	82 	21 	27 	24 	16
Brown Richardsons 	4-8 (32) 	129 	109 	45 	28 	42 	.685 	106 	24 	32 	23 	25
Milby/Staffa 2016 	7-2 (44) 	101 	93 	34 	14 	37 	.747 	68 	19 	26 	7 	12
5M0K3 DZA 420 w33d 	6-7 (43) 	126 	116 	46 	25 	39 	.740 	104 	15 	34 	8 	29
The Board 	5-3 (33) 	115 	139 	49 	30 	44 	.756 	97 	19 	28 	16 	21
Elite salesmen 	12-5 (77) 	125 	85 	51 	27 	36 	.662 	88 	27 	23 	14 	20
Allahu Akbar 	6-6 (42) 	119 	93 	53 	39 	37 	.726 	79 	12 	16 	8 	29
The Faceless Men 	11-4 (70) 	117 	68 	48 	26 	23 	.697 	56 	19 	3 	23 	12
CapaCostaCo 	2-4 (16) 	132 	108 	45 	25 	31 	.679 	99 	32 	38 	14 	11
It's A Friendly Game 	8-7 (55) 	137 	86 	51 	26 	37 	.709 	73 	20 	27 	20 	30
Cara Delevingne 	12-7 (79) 	110 	84 	41 	24 	50 	.706 	68 	21 	16 	8 	16
Top Up FC 	10-9 (69) 	124 	125 	43 	43 	37 	.699 	101 	12 	29 	8 	23
Relaunch Complete 	6-1 (37) 	99 	101 	38 	11 	36 	.710 	93 	23 	22 	12 	3
Josh Kennedy 	11-8 (74) 	107 	104 	47 	32 	52 	.730 	85 	19 	25 	17 	38