6
2016
Jack Fucking Watts 	5-6 (36) 	110 	93 	47 	7 	40 	.749 	91 	11 	36 	7 	6
Milby/Staffa 2016 	7-6 (48) 	122 	105 	50 	36 	43 	.736 	75 	21 	28 	13 	35
Farmer Steve's 	9-11 (65) 	116 	91 	41 	12 	42 	.691 	92 	17 	18 	9 	12
Chum Frenzied Sharks 	16-5 (101) 	143 	82 	53 	36 	36 	.720 	92 	29 	41 	6 	27
Sponge Leecher 	4-1 (25) 	94 	87 	51 	41 	31 	.762 	72 	17 	15 	18 	18
PASSWORD IS RE-CALC 	4-5 (29) 	91 	112 	37 	8 	42 	.754 	84 	10 	33 	13 	23
Brown Richardsons 	9-7 (61) 	126 	103 	39 	39 	37 	.738 	85 	23 	30 	19 	20
Josh Kennedy 	9-8 (62) 	113 	87 	57 	33 	46 	.695 	94 	16 	25 	19 	19
The Board 	2-9 (21) 	137 	120 	41 	16 	46 	.724 	91 	20 	30 	12 	27
5M0K3 DZA 420 w33d 	10-5 (65) 	121 	95 	37 	44 	18 	.704 	80 	13 	20 	18 	14
Allahu Akbar 	11-8 (74) 	131 	89 	42 	36 	32 	.709 	92 	16 	28 	16 	13
Elite salesmen 	11-5 (71) 	150 	110 	47 	36 	40 	.738 	93 	27 	23 	8 	25
CapaCostaCo 	0-5 (5) 	135 	128 	43 	31 	45 	.669 	94 	37 	23 	15 	28
The Faceless Men 	6-1 (37) 	91 	71 	34 	2 	20 	.796 	51 	16 	10 	26 	13
Cara Delevingne 	9-5 (59) 	120 	84 	42 	24 	53 	.623 	89 	18 	30 	5 	16
It's A Friendly Game 	5-8 (38) 	123 	127 	51 	23 	45 	.704 	89 	23 	31 	11 	23
Relaunch Complete 	7-5 (47) 	102 	109 	38 	23 	37 	.763 	90 	18 	30 	11 	6
Top Up FC 	7-10 (52) 	145 	118 	62 	32 	45 	.688 	85 	24 	27 	12 	35