7
2016
Jack Fucking Watts 	10-13 (73) 	103 	93 	43 	6 	61 	.668 	77 	7 	35 	6 	19
The Board 	7-3 (45) 	106 	121 	34 	26 	46 	.753 	98 	19 	34 	8 	22
Farmer Steve's 	6-2 (38) 	122 	85 	48 	15 	27 	.744 	83 	31 	25 	15 	9
Milby/Staffa 2016 	6-13 (49) 	123 	106 	53 	15 	41 	.699 	80 	25 	23 	8 	29
Sponge Leecher 	6-5 (41) 	118 	107 	52 	47 	37 	.751 	95 	17 	25 	9 	18
Chum Frenzied Sharks 	14-9 (93) 	149 	89 	47 	19 	45 	.668 	84 	13 	36 	13 	23
Brown Richardsons 	13-7 (85) 	129 	100 	40 	22 	35 	.712 	77 	18 	22 	18 	23
PASSWORD IS RE-CALC 	5-5 (35) 	102 	110 	36 	38 	40 	.665 	102 	18 	33 	12 	17
Allahu Akbar 	4-9 (33) 	118 	87 	50 	30 	33 	.722 	80 	19 	22 	11 	4
5M0K3 DZA 420 w33d 	12-4 (76) 	130 	104 	45 	35 	45 	.774 	84 	19 	30 	24 	36
CapaCostaCo 	4-3 (27) 	129 	119 	47 	54 	47 	.669 	101 	33 	37 	14 	16
Elite salesmen 	6-8 (44) 	131 	69 	52 	16 	52 	.720 	71 	23 	24 	12 	25
Cara Delevingne 	9-5 (59) 	113 	85 	45 	26 	33 	.687 	85 	23 	23 	5 	12
The Faceless Men 	11-4 (70) 	120 	93 	45 	15 	19 	.756 	69 	16 	6 	16 	25
Relaunch Complete 	12-1 (73) 	93 	93 	29 	17 	44 	.747 	90 	15 	36 	10 	17
It's A Friendly Game 	5-7 (37) 	115 	130 	56 	27 	36 	.743 	93 	16 	30 	12 	24
Top Up FC 	13-1 (79) 	120 	114 	36 	28 	30 	.782 	92 	16 	26 	3 	32
Josh Kennedy 	8-3 (51) 	100 	79 	33 	41 	61 	.704 	90 	13 	23 	16 	9