21
2016
It's A Friendly Game 	7-3 (45) 	121 	111 	39 	7 	31 	.776 	76 	19 	26 	11 	15
Josh Kennedy 	10-7 (67) 	102 	101 	56 	41 	46 	.734 	87 	11 	34 	19 	26
Top Up FC 	6-4 (40) 	120 	115 	44 	34 	44 	.770 	99 	22 	38 	10 	31
Elite salesmen 	3-9 (27) 	120 	89 	44 	18 	36 	.737 	86 	13 	32 	3 	0
PASSWORD IS RE-CALC 	9-7 (61) 	115 	113 	40 	35 	41 	.719 	84 	15 	26 	18 	26
Chum Frenzied Sharks 	4-5 (29) 	132 	73 	52 	20 	48 	.698 	75 	26 	19 	13 	15
Sponge Leecher 	9-7 (61) 	112 	102 	53 	49 	36 	.757 	90 	17 	17 	23 	14
Brown Richardsons 	13-3 (81) 	126 	97 	57 	24 	41 	.762 	76 	16 	16 	37 	27
Jack Fucking Watts 	3-2 (20) 	108 	123 	45 	10 	52 	.714 	79 	19 	29 	6 	14
Allahu Akbar 	7-5 (47) 	121 	75 	56 	49 	28 	.750 	75 	20 	25 	13 	27
Cara Delevingne 	7-6 (48) 	120 	65 	33 	33 	35 	.697 	75 	19 	23 	11 	9
The Faceless Men 	9-8 (62) 	135 	92 	61 	9 	34 	.718 	81 	27 	18 	19 	32