19
2016
Jack Fucking Watts 	5-3 (33) 	112 	159 	39 	19 	51 	.742 	117 	24 	33 	12 	21
Josh Kennedy 	5-6 (36) 	105 	87 	54 	32 	35 	.755 	64 	18 	21 	15 	20
Farmer Steve's 	8-6 (54) 	111 	94 	50 	33 	35 	.761 	71 	14 	14 	8 	10
5M0K3 DZA 420 w33d 	11-1 (67) 	117 	123 	47 	36 	27 	.750 	93 	22 	30 	13 	31
Sponge Leecher 	5-2 (32) 	94 	96 	42 	70 	50 	.768 	73 	19 	15 	25 	11
Elite salesmen 	7-3 (45) 	102 	100 	42 	9 	44 	.748 	96 	24 	33 	13 	26
Brown Richardsons 	5-6 (36) 	117 	85 	53 	22 	36 	.772 	77 	14 	23 	22 	17
The Faceless Men 	13-3 (81) 	116 	92 	56 	16 	20 	.779 	73 	23 	21 	23 	24
PASSWORD IS RE-CALC 	7-7 (49) 	114 	103 	40 	29 	33 	.783 	77 	9 	28 	11 	16
It's A Friendly Game 	9-6 (60) 	120 	94 	45 	40 	30 	.682 	76 	22 	18 	16 	25
Chum Frenzied Sharks 	10-8 (68) 	124 	117 	55 	20 	44 	.726 	105 	28 	38 	12 	34
Top Up FC 	2-9 (21) 	103 	115 	39 	38 	48 	.725 	86 	14 	34 	8 	7
Milby/Staffa 2016 	9-1 (55) 	105 	107 	33 	57 	44 	.689 	67 	19 	27 	18 	15
Relaunch Complete 	6-3 (39) 	115 	114 	47 	35 	45 	.725 	92 	14 	28 	9 	26
The Board 	8-4 (52) 	114 	113 	45 	48 	54 	.736 	90 	22 	32 	19 	25
Cara Delevingne 	8-5 (53) 	123 	85 	41 	14 	35 	.697 	77 	28 	20 	12 	16
Allahu Akbar 	8-3 (51) 	118 	96 	55 	28 	44 	.748 	81 	26 	24 	13 	16
CapaCostaCo 	8-4 (52) 	120 	116 	53 	17 	42 	.720 	90 	19 	25 	8 	25