11
2016
Jack Fucking Watts 	2-3 (15) 	107 	122 	36 	15 	48 	.699 	85 	20 	23 	6 	11
Relaunch Complete 	12-4 (76) 	156 	101 	62 	15 	38 	.732 	109 	14 	35 	8 	27
Farmer Steve's 	8-8 (56) 	117 	100 	25 	32 	48 	.613 	105 	23 	40 	21 	10
Cara Delevingne 	12-1 (73) 	136 	109 	40 	25 	56 	.722 	93 	19 	35 	16 	31
Sponge Leecher 	10-6 (66) 	114 	90 	58 	52 	32 	.716 	84 	19 	18 	23 	26
CapaCostaCo 	4-4 (28) 	113 	125 	42 	19 	40 	.710 	99 	19 	31 	19 	14
Brown Richardsons 	5-5 (35) 	127 	88 	50 	19 	41 	.744 	89 	22 	23 	21 	30
Allahu Akbar 	3-3 (21) 	116 	92 	45 	35 	30 	.740 	74 	13 	27 	15 	11
PASSWORD IS RE-CALC 	10-4 (64) 	137 	94 	49 	13 	48 	.732 	100 	32 	31 	9 	20
The Board 	8-8 (56) 	142 	124 	47 	27 	48 	.692 	94 	23 	24 	12 	17
Chum Frenzied Sharks 	7-4 (46) 	135 	85 	42 	9 	44 	.645 	93 	19 	34 	10 	13
Milby/Staffa 2016 	7-7 (49) 	121 	121 	40 	28 	54 	.727 	93 	14 	25 	10 	24
Top Up FC 	7-3 (45) 	158 	129 	51 	30 	44 	.746 	119 	19 	47 	11 	34
5M0K3 DZA 420 w33d 	5-10 (40) 	143 	77 	48 	22 	54 	.650 	90 	21 	30 	20 	7
It's A Friendly Game 	9-1 (55) 	126 	119 	55 	18 	45 	.759 	76 	14 	23 	12 	21
Elite salesmen 	6-2 (38) 	143 	109 	42 	51 	47 	.698 	107 	32 	35 	13 	20
The Faceless Men 	2-2 (14) 	95 	64 	45 	7 	23 	.698 	44 	21 	3 	27 	3
Josh Kennedy 	6-4 (40) 	103 	94 	56 	34 	48 	.711 	63 	14 	16 	16 	38