15
2016
Jack Fucking Watts 	4-2 (26) 	82 	86 	41 	3 	38 	.780 	60 	16 	20 	5 	14
It's A Friendly Game 	5-9 (39) 	105 	79 	47 	30 	40 	.799 	59 	18 	18 	5 	27
Farmer Steve's 	11-3 (69) 	128 	78 	47 	42 	44 	.714 	70 	31 	22 	18 	32
Top Up FC 	6-1 (37) 	107 	80 	34 	32 	38 	.701 	65 	19 	17 	13 	9
Sponge Leecher 	7-4 (46) 	114 	95 	50 	41 	43 	.751 	85 	19 	23 	19 	24
Relaunch Complete 	4-7 (31) 	120 	119 	49 	41 	36 	.682 	94 	22 	32 	19 	17
Brown Richardsons 	11-14 (80) 	128 	96 	54 	18 	36 	.643 	95 	13 	21 	28 	23
Cara Delevingne 	7-3 (45) 	81 	49 	36 	24 	33 	.715 	48 	12 	7 	6 	16
PASSWORD IS RE-CALC 	5-4 (34) 	81 	55 	33 	11 	40 	.706 	54 	9 	22 	7 	36
CapaCostaCo 	2-2 (14) 	87 	67 	28 	0 	25 	.682 	59 	19 	20 	5 	5
Chum Frenzied Sharks 	8-2 (50) 	99 	65 	45 	15 	29 	.695 	67 	14 	23 	11 	30
Allahu Akbar 	10-2 (62) 	99 	82 	44 	25 	37 	.762 	67 	20 	18 	15 	11
Milby/Staffa 2016 	4-4 (28) 	96 	75 	39 	55 	35 	.749 	70 	19 	28 	20 	14
The Board 	5-6 (36) 	129 	96 	54 	18 	43 	.738 	89 	19 	32 	11 	27
The Faceless Men 	3-8 (26) 	104 	63 	49 	2 	22 	.725 	43 	27 	6 	19 	13
5M0K3 DZA 420 w33d 	2-2 (14) 	66 	59 	18 	0 	18 	.712 	54 	11 	12 	9 	28
Elite salesmen 	2-3 (15) 	90 	75 	28 	19 	22 	.618 	75 	16 	26 	5 	5
Josh Kennedy 	9-2 (56) 	116 	77 	53 	25 	46 	.777 	76 	10 	18 	22 	36