20
2016
The Board 	9-5 (59) 	124 	97 	57 	17 	41 	.787 	84 	20 	30 	12 	28
It's A Friendly Game 	3-2 (20) 	123 	109 	60 	1 	22 	.793 	72 	21 	17 	11 	13
Elite salesmen 	6-2 (38) 	104 	113 	51 	18 	27 	.742 	85 	9 	28 	4 	4
5M0K3 DZA 420 w33d 	7-6 (48) 	106 	120 	47 	37 	38 	.757 	102 	10 	36 	11 	37
Chum Frenzied Sharks 	6-7 (43) 	121 	104 	44 	19 	35 	.729 	73 	16 	26 	15 	9
Josh Kennedy 	17-6 (108) 	124 	96 	66 	54 	57 	.782 	73 	14 	21 	21 	30
PASSWORD IS RE-CALC 	7-2 (44) 	124 	116 	46 	33 	31 	.725 	87 	10 	29 	10 	17
Top Up FC 	6-4 (40) 	140 	100 	55 	33 	49 	.729 	94 	23 	29 	8 	19
Brown Richardsons 	11-4 (70) 	127 	80 	56 	23 	32 	.734 	82 	24 	16 	24 	12
Milby/Staffa 2016 	4-10 (34) 	142 	95 	58 	27 	33 	.743 	92 	17 	29 	11 	29
Allahu Akbar 	6-2 (38) 	113 	59 	53 	29 	20 	.750 	41 	11 	17 	13 	7
Relaunch Complete 	6-5 (41) 	154 	124 	59 	22 	37 	.741 	91 	24 	36 	9 	34
Sponge Leecher 	11-9 (75) 	137 	93 	72 	44 	37 	.743 	97 	19 	22 	13 	36
The Faceless Men 	10-6 (66) 	129 	92 	53 	14 	17 	.747 	62 	27 	12 	17 	5
Jack Fucking Watts 	4-5 (29) 	130 	150 	51 	11 	40 	.779 	104 	25 	32 	11 	26
Cara Delevingne 	8-4 (52) 	123 	89 	45 	26 	39 	.722 	68 	26 	22 	16 	15