1
2016
Jack Fucking Watts 	5-6 (36) 	109 	101 	45 	9 	39 	.719 	81 	17 	21 	14 	30
Farmer Steve's 	13-13 (91) 	91 	77 	28 	0 	38 	.679 	76 	9 	23 	7 	11
Sponge Leecher 	3-10 (28) 	131 	120 	61 	30 	24 	.737 	111 	18 	25 	17 	22
5M0K3 DZA 420 w33d 	7-5 (47) 	117 	97 	34 	50 	41 	.696 	91 	23 	35 	10 	19
Brown Richardsons 	8-3 (51) 	98 	80 	45 	0 	19 	.775 	65 	11 	13 	13 	17
Elite salesmen 	4-6 (30) 	109 	82 	39 	33 	36 	.681 	81 	24 	20 	11 	24
PASSWORD IS RE-CALC 	9-5 (59) 	105 	109 	41 	51 	37 	.762 	85 	22 	27 	8 	28
The Faceless Men 	5-3 (33) 	105 	96 	44 	29 	30 	.706 	73 	23 	8 	17 	7
Chum Frenzied Sharks 	12-6 (78) 	133 	113 	45 	33 	59 	.695 	101 	25 	35 	5 	24
It's A Friendly Game 	5-3 (33) 	118 	123 	45 	26 	31 	.739 	99 	28 	40 	21 	13
Milby/Staffa 2016 	7-1 (43) 	121 	122 	41 	32 	41 	.774 	85 	14 	34 	10 	12
Top Up FC 	10-5 (65) 	133 	115 	44 	36 	37 	.774 	89 	16 	31 	10 	27
The Board 	8-7 (55) 	132 	121 	59 	6 	31 	.672 	101 	33 	26 	13 	19
Relaunch Complete 	10-3 (63) 	127 	98 	42 	10 	37 	.738 	80 	20 	31 	16 	22
Allahu Akbar 	7-3 (45) 	119 	119 	59 	47 	44 	.739 	97 	25 	19 	11 	30
Cara Delevingne 	11-9 (75) 	101 	74 	42 	19 	40 	.646 	74 	8 	23 	10 	11
CapaCostaCo 	10-3 (63) 	152 	108 	49 	21 	30 	.723 	97 	26 	38 	17 	19
Josh Kennedy 	11-7 (73) 	114 	88 	50 	28 	39 	.748 	88 	14 	24 	7 	22