9
2016
Jack Fucking Watts 	7-6 (48) 	109 	117 	50 	36 	68 	.743 	96 	14 	36 	8 	27
CapaCostaCo 	2-4 (16) 	114 	110 	49 	38 	43 	.750 	69 	26 	23 	14 	14
Farmer Steve's 	4-6 (30) 	110 	84 	30 	13 	50 	.722 	90 	20 	28 	5 	9
Allahu Akbar 	8-1 (49) 	122 	105 	57 	58 	31 	.722 	83 	19 	26 	5 	30
Sponge Leecher 	5-7 (37) 	120 	91 	51 	31 	34 	.749 	86 	19 	26 	22 	5
The Board 	9-2 (56) 	141 	118 	63 	14 	37 	.757 	114 	23 	45 	19 	36
Brown Richardsons 	11-7 (73) 	91 	106 	47 	17 	33 	.766 	72 	13 	24 	27 	23
Milby/Staffa 2016 	6-7 (43) 	113 	93 	35 	33 	51 	.650 	78 	16 	30 	11 	18
PASSWORD IS RE-CALC 	8-7 (55) 	117 	104 	61 	38 	41 	.692 	77 	16 	25 	11 	21
Chum Frenzied Sharks 	6-7 (43) 	142 	83 	66 	25 	46 	.702 	78 	13 	19 	13 	20
Cara Delevingne 	5-4 (34) 	114 	90 	43 	22 	50 	.701 	89 	13 	26 	19 	16
5M0K3 DZA 420 w33d 	10-5 (65) 	103 	109 	40 	45 	40 	.708 	84 	13 	27 	19 	22
Relaunch Complete 	4-5 (29) 	111 	108 	46 	32 	49 	.680 	88 	13 	27 	9 	10
Elite salesmen 	8-11 (59) 	148 	82 	75 	39 	50 	.743 	86 	28 	21 	12 	31
Top Up FC 	4-3 (27) 	110 	81 	38 	31 	33 	.681 	73 	10 	26 	11 	17
The Faceless Men 	8-5 (53) 	111 	58 	40 	13 	31 	.734 	48 	15 	10 	11 	22
It's A Friendly Game 	6-3 (39) 	129 	102 	58 	27 	45 	.732 	88 	18 	28 	15 	27
Josh Kennedy 	11-4 (70) 	106 	86 	45 	42 	28 	.781 	84 	9 	21 	10 	14