2
2016
Jack Fucking Watts 	12-7 (79) 	117 	90 	41 	6 	47 	.657 	93 	19 	30 	10 	26
Sponge Leecher 	11-11 (77) 	106 	107 	38 	34 	30 	.714 	93 	9 	25 	12 	13
Farmer Steve's 	10-10 (70) 	102 	110 	42 	9 	28 	.703 	87 	13 	19 	14 	17
Josh Kennedy 	7-6 (48) 	102 	95 	46 	34 	46 	.741 	76 	15 	19 	21 	16
Brown Richardsons 	7-7 (49) 	93 	93 	45 	25 	31 	.763 	70 	14 	24 	23 	6
5M0K3 DZA 420 w33d 	10-6 (66) 	134 	117 	55 	34 	27 	.725 	89 	21 	33 	27 	35
PASSWORD IS RE-CALC 	8-9 (57) 	116 	115 	35 	47 	36 	.688 	94 	15 	24 	8 	32
Elite salesmen 	5-4 (34) 	114 	92 	49 	22 	33 	.728 	78 	21 	21 	14 	9
Chum Frenzied Sharks 	11-7 (73) 	120 	95 	46 	34 	40 	.712 	86 	24 	26 	11 	26
The Faceless Men 	9-3 (57) 	120 	72 	48 	16 	37 	.781 	70 	25 	11 	23 	9
Milby/Staffa 2016 	4-0 (24) 	98 	94 	47 	16 	33 	.724 	65 	15 	18 	11 	2
It's A Friendly Game 	8-7 (55) 	106 	109 	48 	29 	35 	.716 	88 	19 	30 	15 	39
The Board 	7-4 (46) 	121 	118 	57 	18 	44 	.803 	83 	20 	29 	17 	22
Top Up FC 	8-3 (51) 	125 	94 	53 	41 	28 	.740 	74 	25 	23 	7 	19
Allahu Akbar 	2-3 (15) 	105 	110 	47 	47 	31 	.740 	81 	19 	21 	7 	12
Relaunch Complete 	12-11 (83) 	137 	99 	46 	53 	32 	.720 	86 	22 	31 	7 	27
CapaCostaCo 	6-4 (40) 	148 	120 	67 	31 	42 	.716 	89 	22 	29 	9 	20
Cara Delevingne 	7-8 (50) 	90 	70 	39 	31 	52 	.756 	68 	24 	24 	14 	18