14
2016
Jack Fucking Watts 	4-2 (26) 	92 	83 	36 	7 	39 	.691 	68 	12 	11 	9 	0
It's A Friendly Game 	5-4 (34) 	98 	71 	43 	3 	37 	.692 	55 	12 	18 	12 	0
Farmer Steve's 	7-10 (52) 	111 	89 	37 	17 	33 	.685 	76 	16 	24 	6 	0
Top Up FC 	0-4 (4) 	81 	68 	28 	59 	24 	.624 	66 	10 	23 	10 	0
Sponge Leecher 	5-6 (36) 	93 	55 	36 	1 	20 	.736 	51 	20 	6 	15 	0
Relaunch Complete 	5-9 (39) 	128 	100 	38 	20 	35 	.776 	85 	22 	29 	17 	0
Brown Richardsons 	7-5 (47) 	110 	99 	36 	37 	40 	.694 	110 	16 	37 	19 	0
Cara Delevingne 	9-10 (64) 	122 	92 	36 	29 	41 	.654 	102 	16 	28 	7 	0
PASSWORD IS RE-CALC 	6-8 (44) 	135 	93 	54 	21 	37 	.737 	81 	22 	31 	17 	0
CapaCostaCo 	1-2 (8) 	45 	59 	22 	21 	16 	.702 	37 	9 	10 	11 	0
Chum Frenzied Sharks 	9-7 (61) 	114 	70 	46 	4 	33 	.690 	60 	21 	22 	12 	0
Allahu Akbar 	3-4 (22) 	88 	70 	36 	42 	15 	.722 	47 	17 	12 	8 	0
Milby/Staffa 2016 	2-2 (14) 	63 	47 	19 	1 	19 	.682 	48 	10 	16 	3 	0
The Board 	4-2 (26) 	101 	76 	40 	42 	39 	.757 	75 	14 	26 	15 	0
The Faceless Men 	8-4 (52) 	88 	52 	48 	13 	25 	.679 	53 	21 	8 	20 	0
5M0K3 DZA 420 w33d 	9-7 (61) 	109 	87 	49 	42 	31 	.750 	53 	13 	20 	11 	0
Elite salesmen 	4-3 (27) 	94 	90 	35 	30 	38 	.734 	79 	17 	28 	13 	0
Josh Kennedy 	5-6 (36) 	72 	84 	34 	56 	32 	.718 	62 	16 	17 	26 	0