22
2016
The Board 	4-9 (33) 	143 	118 	66 	39 	51 	.782 	86 	25 	32 	12 	30
Top Up FC 	0-5 (5) 	115 	120 	51 	66 	49 	.753 	89 	15 	27 	7 	11
5M0K3 DZA 420 w33d 	15-12 (102) 	124 	101 	50 	34 	38 	.711 	86 	13 	26 	20 	38
Josh Kennedy 	11-9 (75) 	93 	74 	41 	40 	37 	.683 	63 	9 	19 	12 	3
It's A Friendly Game 	7-3 (45) 	119 	117 	63 	2 	36 	.750 	68 	18 	15 	17 	32
Elite salesmen 	5-9 (39) 	109 	105 	45 	0 	46 	.687 	99 	23 	31 	4 	9
Milby/Staffa 2016 	6-11 (47) 	114 	111 	37 	19 	44 	.769 	82 	23 	24 	19 	25
Allahu Akbar 	6-11 (47) 	101 	80 	61 	20 	23 	.691 	68 	15 	15 	11 	7
Brown Richardsons 	4-3 (27) 	110 	90 	40 	29 	29 	.725 	75 	25 	21 	29 	22
Relaunch Complete 	5-3 (33) 	101 	93 	29 	25 	26 	.753 	73 	10 	24 	10 	19
Jack Fucking Watts 	0-1 (1) 	6 	8 	3 	2 	2 	.929 	3 	0 	0 	2 	8
Sponge Leecher 	1-0 (6) 	10 	6 	6 	33 	3 	.688 	9 	0 	3 	4 	32