10
2016
Jack Fucking Watts 	2-1 (13) 	96 	101 	38 	26 	45 	.787 	72 	19 	28 	6 	12
Cara Delevingne 	3-6 (24) 	134 	66 	52 	23 	53 	.715 	77 	16 	38 	11 	29
Farmer Steve's 	17-4 (106) 	136 	97 	62 	22 	42 	.704 	87 	26 	24 	10 	24
CapaCostaCo 	3-3 (21) 	104 	123 	47 	24 	40 	.722 	91 	16 	34 	12 	17
Sponge Leecher 	12-4 (76) 	106 	84 	47 	49 	40 	.737 	64 	19 	19 	15 	23
Allahu Akbar 	11-7 (73) 	132 	79 	53 	42 	38 	.754 	71 	14 	27 	15 	16
Brown Richardsons 	6-10 (46) 	132 	103 	54 	41 	42 	.723 	101 	24 	37 	27 	21
The Board 	5-2 (32) 	142 	114 	55 	29 	59 	.695 	99 	17 	28 	13 	20
PASSWORD IS RE-CALC 	5-2 (32) 	88 	96 	36 	2 	31 	.793 	81 	15 	31 	4 	5
Milby/Staffa 2016 	5-9 (39) 	124 	96 	48 	13 	44 	.718 	81 	13 	27 	10 	28
Chum Frenzied Sharks 	6-6 (42) 	141 	114 	51 	19 	33 	.737 	94 	22 	36 	18 	18
Josh Kennedy 	12-8 (80) 	121 	103 	61 	34 	49 	.710 	75 	22 	21 	26 	22
Relaunch Complete 	8-3 (51) 	121 	127 	55 	25 	38 	.766 	98 	16 	24 	6 	13
5M0K3 DZA 420 w33d 	10-3 (63) 	125 	102 	45 	43 	53 	.775 	87 	14 	29 	15 	28
Top Up FC 	3-3 (21) 	121 	105 	52 	29 	22 	.726 	83 	22 	23 	12 	18
Elite salesmen 	8-3 (51) 	125 	95 	51 	38 	41 	.677 	72 	30 	22 	11 	23
It's A Friendly Game 	8-6 (54) 	131 	114 	58 	15 	36 	.731 	86 	23 	23 	12 	34
The Faceless Men 	4-2 (26) 	95 	69 	54 	17 	24 	.805 	57 	15 	12 	17 	7