4
2016
Jack Fucking Watts 	8-2 (50) 	105 	104 	43 	5 	38 	.751 	82 	18 	32 	8 	11
PASSWORD IS RE-CALC 	9-1 (55) 	98 	114 	32 	43 	50 	.778 	91 	17 	33 	9 	30
Farmer Steve's 	11-10 (76) 	103 	101 	27 	14 	41 	.750 	82 	13 	26 	6 	11
Brown Richardsons 	7-5 (47) 	110 	123 	47 	32 	43 	.700 	90 	21 	33 	29 	30
Sponge Leecher 	10-5 (65) 	115 	93 	52 	38 	37 	.736 	74 	20 	18 	18 	8
Josh Kennedy 	13-15 (93) 	126 	101 	57 	30 	39 	.722 	91 	15 	32 	11 	33
Chum Frenzied Sharks 	10-4 (64) 	111 	80 	58 	25 	48 	.764 	60 	18 	23 	15 	26
5M0K3 DZA 420 w33d 	4-2 (26) 	107 	139 	41 	50 	23 	.805 	101 	17 	36 	13 	15
Milby/Staffa 2016 	11-6 (72) 	120 	94 	41 	25 	40 	.734 	63 	12 	26 	13 	21
Elite salesmen 	7-5 (47) 	128 	86 	46 	35 	37 	.785 	84 	24 	23 	13 	18
The Board 	4-4 (28) 	124 	118 	42 	29 	61 	.769 	99 	24 	42 	18 	19
The Faceless Men 	9-7 (61) 	144 	87 	56 	11 	26 	.697 	71 	27 	11 	24 	22
Allahu Akbar 	7-5 (47) 	116 	106 	51 	41 	30 	.716 	72 	22 	19 	9 	22
It's A Friendly Game 	10-8 (68) 	111 	92 	65 	14 	20 	.783 	62 	13 	19 	17 	17
CapaCostaCo 	5-5 (35) 	117 	116 	39 	13 	36 	.691 	89 	27 	21 	10 	19
Top Up FC 	7-2 (44) 	114 	106 	43 	38 	32 	.736 	74 	16 	22 	13 	22
Cara Delevingne 	12-8 (80) 	121 	88 	49 	29 	48 	.670 	92 	18 	28 	11 	33
Relaunch Complete 	9-4 (58) 	104 	94 	34 	17 	47 	.747 	85 	13 	24 	6 	8