1
2020
Lone Wolf 	6-4 (40) 	103 	74 	43 	0 	18 	.746 	56 	21 	9 	11 	15
Toxic Masculinity 	4-6 (30) 	129 	97 	30 	3 	26 	.779 	68 	23 	37 	6 	26
Bayside City Council 	5-5 (35) 	90 	68 	37 	26 	21 	.747 	47 	12 	24 	13 	2
Derry Boys 	12-3 (75) 	105 	77 	54 	33 	33 	.802 	73 	11 	22 	19 	39
Green Heinekens 	2-6 (18) 	78 	73 	38 	27 	29 	.715 	51 	7 	13 	11 	3
Auto-Draft, Auto-Win 	5-3 (33) 	111 	92 	47 	25 	34 	.734 	85 	30 	27 	11 	35
Lick My Butt Hole 	9-7 (61) 	120 	66 	42 	23 	22 	.753 	65 	17 	29 	10 	23
The Faceless Men 	7-4 (46) 	135 	55 	60 	17 	22 	.732 	59 	24 	17 	14 	14
_thebiggerboi_ 	4-7 (31) 	112 	82 	50 	29 	34 	.691 	76 	15 	31 	11 	28
Tanky Longy's Team 	2-3 (15) 	129 	76 	46 	30 	31 	.698 	69 	20 	24 	9 	13
flamingos 	8-8 (56) 	115 	74 	46 	9 	41 	.725 	95 	19 	29 	23 	30
Piggy’s Army 	11-4 (70) 	110 	69 	42 	29 	26 	.670 	70 	15 	13 	18 	11
PASSWORD IS BAYSIDE 	4-2 (26) 	121 	97 	53 	28 	37 	.784 	81 	18 	25 	4 	36
Trunk 	1-1 (7) 	115 	81 	38 	24 	21 	.714 	73 	19 	25 	15 	4
Team Deadly 	7-9 (51) 	119 	74 	43 	64 	31 	.642 	74 	6 	23 	10 	28
Ardern's Army 	5-2 (32) 	106 	86 	33 	27 	29 	.719 	95 	15 	42 	7 	13
Whyte 	5-2 (32) 	101 	43 	47 	0 	16 	.736 	50 	29 	3 	21 	7
shrooms are great 	6-5 (41) 	121 	91 	50 	21 	29 	.731 	84 	18 	23 	12 	34